0 
0 
0 
0 
0 
0 
0 
0 
0 
0 
0 
0 
0 
0 
0 
0 
0 
0 
0 
0 
0 
0 
0 
0 
0 
0 
0 
0 
0 
0 
1 
1 
1 
1 
1 
1 
1 
1 
1 
1 
1 
1 
1 
1 
0 
0 
0 
0 
0 
0 
0 
0 
0 
0 
0 
0 
0 
0 
0 
0 
0 
0 
0 
0 
0 
0 
0 
0 
0 
0 
0 
0 
0 
0 
0 
0 
0 
0 
0 
0 
0 
0 
0 
0 
0 
0 
0 
0 
0 
0 
0 
0 
0 
0 
0 
0 
0 
0 
0 
0 
0 
0 
0 
0 
0 
0 
0 
0 
0 
0 
0 
0 
0 
0 
0 
0 
0 
0 
0 
0 
0 
0 
0 
0 
0 
0 
0 
0 
0 
0 
0 
0 
0 
0 
0 
0 
0 
0 
0 
0 
0 
0 
0 
0 
0 
0 
0 
0 
0 
0 
0 
0 
0 
0 
0 
0 
0 
0 
0 
0 
0 
0 
0 
0 
0 
0 
0 
0 
0 
0 
0 
0 
0 
0 
0 
0 
0 
0 
0 
0 
0 
0 
0 
0 
0 
0 
0 
0 
0 
0 
0 
0 
0 
0 
0 
0 
0 
0 
0 
0 
0 
0 
0 
0 
0 
0 
0 
0 
0 
0 
0 
0 
0 
0 
0 
0 
0 
0 
0 
0 
0 
0 
0 
0 
0 
9 
42 
77 
113 
150 
187 
226 
266 
306 
348 
390 
432 
476 
520 
564 
609 
654 
700 
746 
792 
838 
884 
930 
976 
1022 
1067 
1112 
1157 
1202 
1245 
1289 
1331 
1373 
1415 
1455 
1495 
1533 
1571 
1608 
1643 
1678 
1711 
1744 
1775 
1805 
1833 
1861 
1887 
1912 
1935 
1957 
1978 
1998 
2016 
2033 
2049 
2063 
2076 
2088 
2098 
2107 
2115 
2122 
2128 
2132 
2136 
2138 
2139 
2140 
2139 
2138 
2135 
2132 
2128 
2124 
2118 
2113 
2106 
2099 
2091 
2083 
2075 
2066 
2057 
2048 
2038 
2029 
2019 
2009 
1999 
1989 
1979 
1970 
1960 
1950 
1941 
1932 
1923 
1914 
1905 
1897 
1889 
1882 
1874 
1868 
1861 
1855 
1849 
1844 
1839 
1834 
1830 
1827 
1823 
1820 
1818 
1815 
1814 
1812 
1811 
1810 
1810 
1810 
1810 
1810 
1811 
1812 
1813 
1814 
1816 
1817 
1819 
1821 
1823 
1825 
1828 
1830 
1832 
1835 
1837 
1839 
1842 
1844 
1846 
1848 
1851 
1853 
1855 
1856 
1858 
1860 
1861 
1862 
1864 
1865 
1865 
1866 
1867 
1867 
1867 
1867 
1867 
1867 
1866 
1866 
1865 
1864 
1863 
1862 
1860 
1859 
1857 
1855 
1854 
1852 
1850 
1847 
1845 
1843 
1840 
1838 
1836 
1833 
1830 
1828 
1825 
1823 
1820 
1817 
1815 
1812 
1809 
1807 
1804 
1802 
1799 
1797 
1794 
1792 
1790 
1787 
1785 
1783 
1781 
1779 
1777 
1775 
1773 
1771 
1769 
1767 
1766 
1764 
1763 
1761 
1760 
1758 
1757 
1756 
1755 
1754 
1752 
1751 
1750 
1749 
1749 
1748 
1747 
1746 
1745 
1745 
1744 
1743 
1743 
1742 
1742 
1741 
1741 
1741 
1740 
1740 
1740 
1739 
1739 
1739 
1739 
1739 
1739 
1739 
1739 
1739 
1739 
1739 
1739 
1739 
1739 
1740 
1740 
1740 
1740 
1741 
1741 
1742 
1742 
1742 
1743 
1743 
1744 
1744 
1745 
1746 
1746 
1747 
1747 
1748 
1749 
1749 
1750 
1751 
1752 
1753 
1754 
1755 
1756 
1757 
1758 
1759 
1759 
1760 
1761 
1762 
1763 
1763 
1764 
1765 
1766 
1766 
1767 
1767 
1768 
1768 
1769 
1769 
1769 
1769 
1770 
1770 
1770 
1770 
1770 
1770 
1770 
1769 
1769 
1769 
1768 
1768 
1768 
1767 
1766 
1766 
1765 
1764 
1764 
1763 
1762 
1761 
1760 
1759 
1758 
1757 
1756 
1755 
1754 
1753 
1752 
1751 
1750 
1749 
1747 
1746 
1745 
1744 
1743 
1742 
1741 
1740 
1739 
1738 
1737 
1736 
1735 
1734 
1733 
1732 
1732 
1731 
1730 
1730 
1729 
1728 
1728 
1727 
1727 
1727 
1726 
1726 
1726 
1726 
1725 
1725 
1725 
1725 
1725 
1725 
1725 
1725 
1726 
1726 
1726 
1726 
1727 
1727 
1727 
1728 
1728 
1728 
1729 
1729 
1730 
1730 
1731 
1731 
1732 
1732 
1733 
1733 
1733 
1734 
1734 
1735 
1735 
1736 
1736 
1736 
1737 
1737 
1737 
1738 
1738 
1738 
1739 
1739 
1739 
1739 
1739 
1739 
1740 
1740 
1740 
1740 
1740 
1740 
1740 
1740 
1740 
1740 
1739 
1739 
1739 
1739 
1739 
1739 
1739 
1739 
1739 
1738 
1738 
1738 
1738 
1738 
1738 
1738 
1738 
1738 
1738 
1738 
1738 
1738 
1738 
1738 
1738 
1738 
1739 
1739 
1739 
1739 
1740 
1740 
1741 
1741 
1742 
1742 
1743 
1743 
1744 
1745 
1745 
1746 
1747 
1748 
1748 
1749 
1750 
1751 
1752 
1753 
1754 
1755 
1756 
1757 
1759 
1760 
1761 
1762 
1763 
1764 
1766 
1767 
1768 
1769 
1771 
1772 
1773 
1774 
1775 
1777 
1778 
1779 
1780 
1781 
1782 
1783 
1784 
1785 
1786 
1787 
1788 
1789 
1790 
1791 
1792 
1793 
1794 
1794 
1795 
1796 
1797 
1797 
1798 
1798 
1799 
1799 
1800 
1800 
1801 
1801 
1801 
1802 
1802 
1802 
1802 
1802 
1802 
1803 
1803 
1803 
1803 
1803 
1803 
1803 
1802 
1802 
1802 
1802 
1802 
1802 
1802 
1801 
1801 
1801 
1801 
1800 
1800 
1800 
1800 
1799 
1799 
1799 
1798 
1798 
1798 
1797 
1797 
1797 
1796 
1796 
1796 
1795 
1795 
1795 
1794 
1794 
1794 
1793 
1793 
1793 
1792 
1792 
1792 
1792 
1791 
1791 
1791 
1791 
1790 
1790 
1790 
1790 
1790 
1789 
1789 
1789 
1789 
1789 
1789 
1788 
1788 
1788 
1788 
1788 
1788 
1788 
1788 
1788 
1788 
1788 
1788 
1788 
1789 
1789 
1789 
1789 
1789 
1789 
1790 
1790 
1790 
1790 
1791 
1791 
1791 
1792 
1792 
1792 
1793 
1793 
1794 
1794 
1795 
1795 
1796 
1796 
1797 
1798 
1798 
1799 
1800 
1800 
1801 
1802 
1802 
1803 
1804 
1805 
1805 
1806 
1807 
1808 
1809 
1809 
1810 
1811 
1812 
1813 
1813 
1814 
1815 
1816 
1817 
1818 
1818 
1819 
1820 
1821 
1822 
1822 
1823 
1824 
1825 
1825 
1826 
1827 
1827 
1828 
1829 
1829 
1830 
1831 
1831 
1832 
1832 
1833 
1834 
1834 
1835 
1835 
1835 
1836 
1836 
1837 
1837 
1837 
1838 
1838 
1838 
1839 
1839 
1839 
1839 
1840 
1840 
1840 
1840 
1840 
1841 
1841 
1841 
1841 
1841 
1841 
1841 
1841 
1841 
1841 
1841 
1842 
1842 
1842 
1842 
1842 
1842 
1842 
1842 
1842 
1842 
1842 
1842 
1842 
1842 
1842 
1842 
1842 
1842 
1842 
1842 
1842 
1842 
1842 
1842 
1842 
1842 
1842 
1842 
1842 
1842 
1842 
1842 
1842 
1842 
1842 
1842 
1842 
1842 
1842 
1842 
1842 
1842 
1842 
1842 
1842 
1842 
1842 
1842 
1842 
1842 
1842 
1842 
1843 
1843 
1843 
1843 
1843 
1843 
1843 
1843 
1843 
1843 
1843 
1843 
1843 
1843 
1843 
1843 
1843 
1843 
1843 
1843 
1843 
1843 
1843 
1843 
1843 
1843 
1844 
1844 
1844 
1844 
1844 
1844 
1844 
1844 
1844 
1844 
1844 
1844 
1844 
1844 
1844 
1844 
1844 
1844 
1844 
1844 
1844 
1844 
1844 
1844 
1844 
1844 
1844 
1844 
1844 
1844 
1844 
1844 
1844 
1844 
1844 
1844 
1844 
1844 
1844 
1844 
1844 
1844 
1844 
1844 
1844 
1844 
1844 
1844 
1844 
1844 
1844 
1844 
1844 
1844 
1843 
1843 
1843 
1843 
1843 
1843 
1843 
1843 
1843 
1843 
1843 
1843 
1843 
1843 
1843 
1843 
1843 
1843 
1843 
1843 
1843 
1843 
1843 
1843 
1843 
1843 
1843 
1843 
1843 
1843 
1843 
1843 
1843 
1843 
1843 
1843 
1843 
1843 
1843 
1843 
1843 
1843 
1843 
1843 
1842 
1842 
1842 
1842 
1842 
1842 
1842 
1842 
1842 
1842 
1842 
1842 
1842 
1842 
1842 
1842 
1842 
1842 
1842 
1842 
1842 
1842 
1841 
1841 
1841 
1841 
1841 
1841 
1841 
1841 
1841 
1841 
1841 
1841 
1841 
1841 
1841 
1841 
1841 
1841 
1840 
1840 
1840 
1840 
1840 
1840 
1840 
1840 
1840 
1840 
1840 
1840 
1840 
1840 
1840 
1840 
1840 
1840 
1839 
1839 
1839 
1839 
1839 
1839 
1839 
1839 
1839 
1839 
1839 
1839 
1839 
1839 
1839 
1839 
1839 
1839 
1839 
1839 
1839 
1839 
1839 
1839 
1839 
1839 
1839 
1839 
1839 
1839 
1839 
1839 
1839 
1839 
1839 
1839 
1839 
1839 
1839 
1839 
1839 
1839 
1839 
1839 
1839 
1839 
1839 
1839 
1839 
1839 
1839 
1839 
1839 
1839 
1839 
1839 
1839 
1839 
1839 
1839 
1839 
1839 
1839 
1839 
1839 
1839 
1839 
1839 
1839 
1839 
1839 
1839 
1839 
1839 
1839 
1839 
1839 
1839 
1839 
1839 
1839 
1839 
1839 
1839 
1838 
1838 
1838 
1838 
1838 
1838 
1838 
1838 
1837 
1837 
1837 
1837 
1837 
1836 
1836 
1836 
1836 
1835 
1835 
1835 
1835 
1834 
1834 
1834 
1834 
1833 
1833 
1833 
1832 
1832 
1832 
1831 
1831 
1831 
1830 
1830 
1830 
1829 
1829 
1828 
1828 
1828 
1827 
1827 
1827 
1826 
1826 
1826 
1825 
1825 
1825 
1824 
1824 
1824 
1823 
1823 
1823 
1822 
1822 
1822 
1821 
1821 
1821 
1821 
1820 
1820 
1820 
1820 
1819 
1819 
1819 
1819 
1819 
1818 
1818 
1818 
1818 
1818 
1818 
1818 
1818 
1818 
1817 
1817 
1817 
1817 
1817 
1817 
1817 
1817 
1817 
1817 
1817 
1817 
1817 
1817 
1817 
1817 
1817 
1818 
1818 
1818 
1818 
1818 
1818 
1818 
1818 
1818 
1818 
1819 
1819 
1819 
1819 
1819 
1819 
1819 
1820 
1820 
1820 
1820 
1820 
1820 
1820 
1821 
1821 
1821 
1821 
1821 
1821 
1822 
1822 
1822 
1822 
1822 
1822 
1823 
1823 
1823 
1823 
1823 
1823 
1823 
1824 
1824 
1824 
1824 
1824 
1824 
1825 
1825 
1825 
1825 
1825 
1825 
1825 
1826 
1826 
1826 
1826 
1826 
1826 
1826 
1827 
1827 
1827 
1827 
1827 
1827 
1827 
1828 
1828 
1828 
1828 
1828 
1828 
1828 
1829 
1829 
1829 
1829 
1829 
1829 
1829 
1829 
1830 
1830 
1830 
1830 
1830 
1830 
1830 
1830 
1831 
1831 
1831 
1831 
1831 
1831 
1831 
1831 
1831 
1831 
1832 
1832 
1832 
1832 
1832 
1832 
1832 
1832 
1832 
1832 
1832 
1832 
1832 
1832 
1832 
1832 
1832 
1832 
1832 
1832 
1832 
1832 
1832 
1832 
1832 
1832 
1832 
1832 
1832 
1832 
1832 
1832 
1832 
1832 
1832 
1832 
1832 
1832 
1832 
1832 
1832 
1832 
1832 
1832 
1832 
1832 
1832 
1832 
1832 
1832 
1831 
1831 
1831 
1831 
1831 
1831 
1831 
1831 
1831 
1831 
1831 
1831 
1831 
1831 
1831 
1831 
1831 
1831 
1831 
1831 
1831 
1831 
1831 
1831 
1831 
1831 
1831 
1831 
1831 
1831 
1831 
1831 
1831 
1831 
1831 
1831 
1831 
1831 
1831 
1831 
1831 
1831 
1831 
1831 
1831 
1831 
1831 
1831 
1831 
1831 
1831 
1831 
1831 
1831 
1831 
1831 
1831 
1831 
1831 
1831 
1831 
1831 
1831 
1831 
1831 
1831 
1831 
1831 
1831 
1831 
1831 
1831 
1831 
1831 
1831 
1831 
1831 
1831 
1831 
1831 
1831 
1831 
1831 
1831 
1831 
1831 
1831 
1831 
1831 
1831 
1831 
1831 
1831 
1831 
1831 
1831 
1831 
1831 
1831 
1831 
1831 
1831 
1831 
1831 
1831 
1831 
1831 
1831 
1831 
1831 
1831 
1831 
1831 
1831 
1831 
1831 
1831 
1831 
1831 
1831 
1831 
1831 
1831 
1831 
1831 
1831 
1831 
1831 
1831 
1831 
1831 
1831 
1831 
1831 
1831 
1832 
1832 
1832 
1832 
1832 
1832 
1832 
1832 
1832 
1832 
1832 
1832 
1832 
1832 
1832 
1832 
1832 
1832 
1832 
1832 
1832 
1832 
1832 
1832 
1832 
1832 
1832 
1832 
1832 
1832 
1832 
1832 
1832 
1832 
1832 
1832 
1832 
1832 
1832 
1832 
1832 
1832 
1832 
1832 
1832 
1832 
1832 
1832 
1832 
1832 
1832 
1832 
1832 
1832 
1832 
1832 
1832 
1832 
1832 
1832 
1832 
1832 
1832 
1832 
1832 
1832 
1832 
1832 
1832 
1832 
1832 
1832 
1832 
1832 
1832 
1832 
1832 
1832 
1832 
1832 
1832 
1832 
1832 
1832 
1832 
1832 
1832 
1832 
1832 
1832 
1832 
1832 
1832 
1832 
1832 
1832 
1832 
1832 
1832 
1832 
1832 
1832 
1832 
1832 
1832 
1832 
1832 
1832 
1832 
1832 
1832 
1832 
1832 
1832 
1832 
1832 
1832 
1833 
1833 
1833 
1833 
1833 
1833 
1833 
1833 
1833 
1833 
1833 
1833 
1833 
1833 
1833 
1833 
1833 
1833 
1833 
1833 
1833 
1833 
1833 
1833 
1833 
1833 
1834 
1834 
1834 
1834 
1834 
1834 
1834 
1834 
1834 
1834 
1834 
1834 
1834 
1834 
1834 
1834 
1835 
1835 
1835 
1835 
1835 
1835 
1835 
1835 
1835 
1835 
1835 
1835 
1835 
1835 
1835 
1835 
1835 
1835 
1835 
1835 
1835 
1835 
1835 
1835 
1835 
1835 
1835 
1835 
1835 
1835 
1835 
1835 
1835 
1835 
1835 
1835 
1835 
1835 
1835 
1835 
1835 
1835 
1835 
1835 
1834 
1834 
1834 
1834 
1834 
1834 
1834 
1834 
1834 
1833 
1833 
1833 
1833 
1833 
1833 
1833 
1832 
1832 
1832 
1832 
1832 
1832 
1831 
1831 
1831 
1831 
1831 
1831 
1830 
1830 
1830 
1830 
1830 
1830 
1830 
1829 
1829 
1829 
1829 
1829 
1829 
1828 
1828 
1828 
1828 
1828 
1828 
1828 
1827 
1827 
1827 
1827 
1827 
1827 
1827 
1827 
1826 
1826 
1826 
1826 
1826 
1826 
1826 
1826 
1826 
1826 
1826 
1825 
1825 
1825 
1825 
1825 
1825 
1825 
1825 
1825 
1825 
1825 
1825 
1825 
1825 
1825 
1825 
1825 
1825 
1825 
1825 
1825 
1825 
1825 
1825 
1825 
1825 
1825 
1825 
1825 
1825 
1825 
1825 
1825 
1825 
1825 
1825 
1825 
1825 
1825 
1825 
1825 
1825 
1825 
1825 
1825 
1825 
1825 
1825 
1825 
1825 
1825 
1825 
1825 
1825 
1825 
1825 
1825 
1825 
1825 
1825 
1825 
1825 
1825 
1825 
1825 
1825 
1825 
1825 
1825 
1825 
1825 
1825 
1825 
1825 
1825 
1825 
1825 
1825 
1825 
1825 
1825 
1825 
1825 
1825 
1825 
1825 
1825 
1825 
1825 
1825 
1825 
1825 
1824 
1824 
1824 
1824 
1824 
1824 
1824 
1824 
1824 
1824 
1824 
1824 
1824 
1824 
1824 
1824 
1824 
1824 
1824 
1824 
1824 
1824 
1823 
1823 
1823 
1823 
1823 
1823 
1823 
1823 
1823 
1823 
1823 
1823 
1823 
1823 
1823 
1823 
1823 
1823 
1823 
1823 
1823 
1823 
1823 
1823 
1822 
1822 
1822 
1822 
1822 
1822 
1822 
1822 
1822 
1822 
1822 
1822 
1822 
1822 
1822 
1822 
1822 
1822 
1822 
1822 
1822 
1822 
1821 
1821 
1821 
1821 
1821 
1821 
1821 
1821 
1821 
1821 
1821 
1821 
1821 
1821 
1821 
1821 
1821 
1821 
1821 
1821 
1820 
1820 
1820 
1820 
1820 
1820 
1820 
1820 
1820 
1820 
1820 
1820 
1820 
1820 
1820 
1820 
1820 
1820 
1820 
1820 
1820 
1820 
1820 
1820 
1820 
1820 
1820 
1820 
1820 
1820 
1820 
1820 
1820 
1820 
1820 
1820 
1820 
1820 
1820 
1820 
1820 
1820 
1820 
1820 
1820 
1820 
1820 
1820 
1820 
1820 
1820 
1820 
1820 
1820 
1820 
1820 
1820 
1820 
1820 
1820 
1820 
1820 
1820 
1820 
1820 
1820 
1820 
1820 
1820 
1820 
1820 
1820 
1820 
1820 
1820 
1820 
1820 
1820 
1820 
1820 
1820 
1820 
1820 
1820 
1820 
1821 
1821 
1821 
1821 
1821 
1821 
1821 
1821 
1821 
1821 
1821 
1821 
1821 
1821 
1821 
1821 
1821 
1821 
1821 
1821 
1821 
1821 
1821 
1821 
1821 
1821 
1821 
1821 
1821 
1821 
1821 
1821 
1821 
1820 
1820 
1820 
1820 
1820 
1820 
1820 
1820 
1820 
1820 
1820 
1820 
1820 
1820 
1820 
1820 
1820 
1820 
1820 
1820 
1820 
1820 
1820 
1820 
1820 
1820 
1820 
1820 
1820 
1820 
1819 
1819 
1819 
1819 
1819 
1819 
1819 
1819 
1819 
1819 
1819 
1819 
1819 
1819 
1819 
1819 
1819 
1819 
1819 
1819 
1819 
1819 
1819 
1819 
1819 
1819 
1819 
1819 
1819 
1819 
1819 
1819 
1819 
1819 
1819 
1819 
1819 
1819 
1819 
1819 
1819 
1819 
1819 
1819 
1819 
1819 
1819 
1819 
1819 
1819 
1819 
1819 
1819 
1819 
1819 
1819 
1819 
1819 
1819 
1819 
1819 
1819 
1819 
1819 
1819 
1819 
1820 
1820 
1820 
1820 
1820 
1820 
1820 
1820 
1820 
1820 
1820 
1820 
1820 
1820 
1820 
1821 
1821 
1821 
1821 
1821 
1821 
1821 
1821 
1821 
1821 
1821 
1821 
1821 
1821 
1821 
1821 
1821 
1821 
1822 
1822 
1822 
1822 
1822 
1822 
1822 
1822 
1822 
1822 
1822 
1822 
1822 
1822 
1822 
1822 
1822 
1822 
1822 
1822 
1822 
1822 
1822 
1822 
1822 
1822 
1822 
1822 
1822 
1822 
1822 
1822 
1822 
1822 
1822 
1822 
1822 
1822 
1822 
1821 
1821 
1821 
1821 
1821 
1821 
1821 
1821 
1821 
1821 
1821 
1821 
1821 
1821 
1821 
1821 
1821 
1821 
1821 
1821 
1821 
1821 
1821 
1821 
1821 
1821 
1821 
1821 
1821 
1821 
1821 
1821 
1821 
1821 
1821 
1821 
1821 
1821 
1821 
1821 
1821 
1821 
1821 
1821 
1821 
1821 
1821 
1821 
1821 
1821 
1821 
1821 
1821 
1821 
1821 
1821 
1821 
1821 
1821 
1821 
1821 
1821 
1821 
1821 
1821 
1821 
1821 
1821 
1821 
1821 
1821 
1821 
1821 
1821 
1821 
1821 
1821 
1821 
1821 
1821 
1821 
1821 
1821 
1821 
1821 
1821 
1821 
1821 
1821 
1820 
1820 
1820 
1820 
1820 
1820 
1820 
1820 
1820 
1820 
1820 
1820 
1819 
1819 
1819 
1819 
1819 
1819 
1819 
1819 
1819 
1819 
1818 
1818 
1818 
1818 
1818 
1818 
1818 
1818 
1818 
1817 
1817 
1817 
1817 
1817 
1817 
1817 
1817 
1817 
1816 
1816 
1816 
1816 
1816 
1816 
1816 
1816 
1816 
1816 
1816 
1815 
1815 
1815 
1815 
1815 
1815 
1815 
1815 
1815 
1815 
1815 
1815 
1815 
1815 
1815 
1815 
1814 
1814 
1814 
1814 
1814 
1814 
1814 
1814 
1814 
1814 
1814 
1814 
1814 
1814 
1814 
1814 
1814 
1814 
1814 
1814 
1814 
1814 
1814 
1814 
1814 
1814 
1814 
1814 
1814 
1814 
1814 
1814 
1814 
1814 
1814 
1814 
1814 
1814 
1814 
1814 
1814 
1814 
1814 
1814 
1814 
1814 
1814 
1814 
1814 
1814 
1814 
1814 
1814 
1814 
1814 
1814 
1814 
1814 
1814 
1814 
1814 
1814 
1814 
1814 
1814 
1814 
1814 
1814 
1814 
1814 
1814 
1814 
1814 
1814 
1814 
1814 
1814 
1814 
1814 
1814 
1814 
1814 
1814 
1814 
1814 
1814 
1814 
1814 
1814 
1814 
1814 
1814 
1814 
1814 
1814 
1814 
1814 
1814 
1814 
1814 
1814 
1814 
1814 
1814 
1814 
1814 
1814 
1814 
1814 
1814 
1814 
1814 
1814 
1814 
1814 
1814 
1814 
1814 
1814 
1814 
1814 
1814 
1813 
1813 
1813 
1813 
1813 
1813 
1813 
1813 
1813 
1813 
1813 
1813 
1813 
1813 
1813 
1812 
1812 
1812 
1812 
1812 
1812 
1812 
1812 
1812 
1812 
1812 
1812 
1811 
1811 
1811 
1811 
1811 
1811 
1811 
1811 
1811 
1811 
1811 
1810 
1810 
1810 
1810 
1810 
1810 
1810 
1810 
1810 
1810 
1810 
1810 
1810 
1810 
1810 
1810 
1810 
1810 
1810 
1810 
1810 
1810 
1810 
1810 
1810 
1810 
1810 
1810 
1810 
1810 
1810 
1810 
1810 
1810 
1810 
1810 
1810 
1811 
1811 
1811 
1811 
1811 
1811 
1811 
1811 
1812 
1812 
1812 
1812 
1812 
1812 
1813 
1813 
1813 
1813 
1813 
1814 
1814 
1814 
1814 
1814 
1815 
1815 
1815 
1815 
1815 
1816 
1816 
1816 
1816 
1816 
1817 
1817 
1817 
1817 
1818 
1818 
1818 
1818 
1818 
1819 
1819 
1819 
1819 
1819 
1819 
1820 
1820 
1820 
1820 
1820 
1820 
1821 
1821 
1821 
1821 
1821 
1821 
1821 
1821 
1821 
1822 
1822 
1822 
1822 
1822 
1822 
1822 
1822 
1822 
1822 
1822 
1822 
1822 
1822 
1822 
1822 
1822 
1822 
1822 
1822 
1822 
1822 
1822 
1822 
1822 
1822 
1822 
1822 
1822 
1822 
1822 
1822 
1822 
1822 
1822 
1822 
1821 
1821 
1821 
1821 
1821 
1821 
1821 
1821 
1821 
1821 
1821 
1821 
1821 
1821 
1821 
1820 
1820 
1820 
1820 
1820 
1820 
1820 
1820 
1820 
1820 
1820 
1820 
1820 
1820 
1819 
1819 
1819 
1819 
1819 
1819 
1819 
1819 
1819 
1819 
1819 
1819 
1819 
1819 
1819 
1819 
1819 
1819 
1819 
1818 
1818 
1818 
1818 
1818 
1818 
1818 
1818 
1818 
1818 
1818 
1818 
1818 
1818 
1818 
1818 
1818 
1818 
1818 
1818 
1818 
1818 
1818 
1818 
1818 
1818 
1818 
1817 
1817 
1817 
1817 
1817 
1817 
1817 
1817 
1817 
1817 
1817 
1817 
1817 
1817 
1817 
1817 
1817 
1817 
1817 
1817 
1817 
1817 
1817 
1817 
1817 
1817 
1817 
1817 
1817 
1817 
1817 
1817 
1817 
1817 
1817 
1817 
1817 
1817 
1817 
1817 
1817 
1817 
1817 
1816 
1816 
1816 
1816 
1816 
1816 
1816 
1816 
1816 
1816 
1816 
1816 
1816 
1816 
1816 
1816 
1816 
1816 
1816 
1816 
1816 
1816 
1816 
1816 
1816 
1816 
1816 
1816 
1816 
1816 
1816 
1816 
1816 
1816 
1816 
1816 
1816 
1816 
1816 
1816 
1816 
1816 
1816 
1816 
1816 
1816 
1816 
1816 
1816 
1816 
1816 
1816 
1816 
1816 
1816 
1816 
1816 
1816 
1816 
1816 
1816 
1816 
1816 
1816 
1816 
1816 
1816 
1816 
1816 
1816 
1816 
1816 
1816 
1816 
1816 
1816 
1816 
1816 
1816 
1816 
1815 
1815 
1815 
1815 
1815 
1815 
1815 
1815 
1815 
1815 
1815 
1815 
1815 
1815 
1815 
1814 
1814 
1814 
1814 
1814 
1814 
1814 
1814 
1814 
1813 
1813 
1813 
1813 
1813 
1813 
1813 
1812 
1812 
1812 
1812 
1812 
1811 
1811 
1811 
1811 
1811 
1811 
1810 
1810 
1810 
1810 
1810 
1809 
1809 
1809 
1809 
1809 
1808 
1808 
1808 
1808 
1808 
1807 
1807 
1807 
1807 
1807 
1807 
1806 
1806 
1806 
1806 
1806 
1805 
1805 
1805 
1805 
1805 
1805 
1805 
1804 
1804 
1804 
1804 
1804 
1804 
1804 
1804 
1804 
1803 
1803 
1803 
1803 
1803 
1803 
1803 
1803 
1803 
1803 
1803 
1803 
1803 
1803 
1803 
1803 
1802 
1802 
1802 
1802 
1802 
1802 
1802 
1802 
1802 
1802 
1802 
1802 
1802 
1802 
1802 
1802 
1802 
1802 
1802 
1803 
1803 
1803 
1803 
1803 
1803 
1803 
1803 
1803 
1803 
1803 
1803 
1803 
1803 
1803 
1803 
1803 
1803 
1803 
1803 
1803 
1803 
1803 
1803 
1803 
1803 
1803 
1803 
1803 
1803 
1803 
1803 
1803 
1803 
1803 
1803 
1803 
1803 
1803 
1803 
1803 
1803 
1803 
1803 
1803 
1803 
1803 
1803 
1803 
1803 
1803 
1803 
1803 
1803 
1803 
1803 
1803 
1803 
1803 
1803 
1803 
1803 
1803 
1803 
1803 
1803 
1803 
1803 
1803 
1803 
1803 
1803 
1803 
1803 
1803 
1803 
1803 
1803 
1803 
1803 
1803 
1803 
1803 
1803 
1803 
1803 
1803 
1802 
1802 
1802 
1802 
1802 
1802 
1802 
1802 
1802 
1802 
1802 
1802 
1802 
1802 
1802 
1802 
1802 
1802 
1802 
1802 
1802 
1801 
1801 
1801 
1801 
1801 
1801 
1801 
1801 
1801 
1801 
1801 
1801 
1801 
1801 
1801 
1801 
1801 
1801 
1801 
1800 
1800 
1800 
1800 
1800 
1800 
1800 
1800 
1800 
1800 
1800 
1800 
1800 
1800 
1800 
1800 
1800 
1800 
1800 
1800 
1800 
1800 
1800 
1800 
1800 
1800 
1800 
1800 
1800 
1800 
1800 
1800 
1800 
1800 
1800 
1800 
1800 
1800 
1800 
1800 
1800 
1800 
1800 
1800 
1800 
1800 
1800 
1800 
1800 
1801 
1801 
1801 
1801 
1801 
1801 
1801 
1801 
1801 
1801 
1801 
1801 
1801 
1801 
1801 
1801 
1801 
1801 
1801 
1801 
1802 
1802 
1802 
1802 
1802 
1802 
1802 
1802 
1802 
1802 
1802 
1802 
1802 
1802 
1802 
1802 
1802 
1802 
1802 
1802 
1802 
1802 
1802 
1802 
1803 
1803 
1803 
1803 
1803 
1803 
1803 
1803 
1803 
1803 
1803 
1803 
1803 
1803 
1803 
1803 
1803 
1803 
1803 
1803 
1803 
1803 
1803 
1803 
1803 
1803 
1803 
1803 
1803 
1803 
1803 
1803 
1803 
1803 
1803 
1803 
1803 
1803 
1803 
1803 
1803 
1803 
1803 
1803 
1803 
1803 
1803 
1803 
1803 
1803 
1803 
1803 
1803 
1803 
1803 
1803 
1803 
1803 
1803 
1803 
1803 
1803 
1803 
1803 
1803 
1803 
1803 
1803 
1803 
1803 
1802 
1802 
1802 
1802 
1802 
1802 
1802 
1802 
1802 
1802 
1802 
1802 
1802 
1802 
1802 
1802 
1802 
1802 
1802 
1802 
1802 
1802 
1802 
1802 
1802 
1802 
1802 
1802 
1802 
1802 
1802 
1802 
1802 
1802 
1802 
1802 
1802 
1802 
1802 
1802 
1802 
1802 
1802 
1802 
1802 
1802 
1802 
1802 
1802 
1802 
1802 
1802 
1802 
1801 
1801 
1801 
1801 
1801 
1801 
1801 
1801 
1801 
1801 
1801 
1801 
1801 
1801 
1801 
1801 
1801 
1801 
1801 
1801 
1801 
1801 
1801 
1801 
1801 
1801 
1801 
1801 
1801 
1801 
1801 
1801 
1801 
1801 
1801 
1801 
1801 
1801 
1801 
1801 
1801 
1801 
1801 
1801 
1801 
1801 
1801 
1801 
1801 
1801 
1801 
1801 
1801 
1801 
1801 
1801 
1801 
1801 
1801 
1801 
1801 
1801 
1801 
1801 
1801 
1801 
1801 
1801 
1801 
1801 
1801 
1801 
1801 
1801 
1801 
1801 
1801 
1801 
1801 
1802 
1802 
1802 
1802 
1802 
1802 
1802 
1802 
1802 
1802 
1802 
1802 
1802 
1802 
1802 
1802 
1802 
1802 
1803 
1803 
1803 
1803 
1803 
1803 
1803 
1803 
1803 
1803 
1803 
1803 
1803 
1803 
1804 
1804 
1804 
1804 
1804 
1804 
1804 
1804 
1804 
1804 
1804 
1804 
1804 
1804 
1804 
1805 
1805 
1805 
1805 
1805 
1805 
1805 
1805 
1805 
1805 
1805 
1805 
1805 
1805 
1805 
1805 
1805 
1805 
1805 
1805 
1806 
1806 
1806 
1806 
1806 
1806 
1806 
1806 
1806 
1806 
1806 
1806 
1806 
1806 
1806 
1806 
1806 
1806 
1806 
1805 
1805 
1805 
1805 
1805 
1805 
1805 
1805 
1805 
1805 
1805 
1805 
1805 
1805 
1805 
1805 
1805 
1805 
1805 
1805 
1805 
1804 
1804 
1804 
1804 
1804 
1804 
1804 
1804 
1804 
1804 
1804 
1804 
1804 
1804 
1804 
1804 
1804 
1804 
1804 
1803 
1803 
1803 
1803 
1803 
1803 
1803 
1803 
1803 
1803 
1803 
1803 
1803 
1803 
1803 
1803 
1803 
1803 
1803 
1803 
1803 
1803 
1804 
1804 
1804 
1804 
1804 
1804 
1804 
1804 
1804 
1804 
1804 
1804 
1804 
1804 
1804 
1804 
1804 
1805 
1805 
1805 
1805 
1805 
1805 
1805 
1805 
1805 
1805 
1805 
1805 
1806 
1806 
1806 
1806 
1806 
1806 
1806 
1806 
1806 
1806 
1806 
1806 
1806 
1807 
1807 
1807 
1807 
1807 
1807 
1807 
1807 
1807 
1807 
1807 
1807 
1807 
1807 
1807 
1807 
1807 
1807 
1807 
1807 
1807 
1807 
1807 
1807 
1807 
1807 
1807 
1807 
1807 
1807 
1807 
1807 
1807 
1807 
1807 
1807 
1807 
1807 
1807 
1807 
1807 
1807 
1807 
1807 
1807 
1807 
1807 
1807 
1807 
1807 
1807 
1807 
1807 
1807 
1807 
1807 
1807 
1807 
1807 
1807 
1807 
1807 
1807 
1807 
1807 
1807 
1807 
1807 
1807 
1807 
1807 
1807 
1807 
1807 
1807 
1807 
1807 
1806 
1806 
1806 
1806 
1806 
1806 
1806 
1806 
1806 
1806 
1806 
1806 
1806 
1806 
1806 
1806 
1806 
1806 
1805 
1805 
1805 
1805 
1805 
1805 
1805 
1805 
1805 
1805 
1805 
1804 
1804 
1804 
1804 
1804 
1804 
1804 
1804 
1804 
1804 
1803 
1803 
1803 
1803 
1803 
1803 
1803 
1803 
1803 
1802 
1802 
1802 
1802 
1802 
1802 
1802 
1802 
1802 
1801 
1801 
1801 
1801 
1801 
1801 
1801 
1801 
1801 
1801 
1800 
1800 
1800 
1800 
1800 
1800 
1800 
1800 
1800 
1800 
1800 
1800 
1799 
1799 
1799 
1799 
1799 
1799 
1799 
1799 
1799 
1799 
1799 
1799 
1799 
1799 
1799 
1799 
1799 
1799 
1799 
1799 
1799 
1799 
1799 
1799 
1799 
1799 
1799 
1799 
1799 
1799 
1799 
1799 
1799 
1799 
1799 
1799 
1799 
1799 
1799 
1799 
1799 
1799 
1799 
1799 
1799 
1799 
1799 
1799 
1799 
1799 
1799 
1799 
1799 
1799 
1799 
1799 
1799 
1799 
1799 
1800 
1800 
1800 
1800 
1800 
1800 
1800 
1800 
1800 
1800 
1800 
1800 
1800 
1800 
1800 
1800 
1800 
1800 
1801 
1801 
1801 
1801 
1801 
1801 
1801 
1801 
1801 
1801 
1801 
1801 
1801 
1801 
1801 
1801 
1801 
1801 
1801 
1801 
1801 
1802 
1802 
1802 
1802 
1802 
1802 
1802 
1802 
1802 
1802 
1802 
1802 
1802 
1802 
1802 
1802 
1802 
1802 
1802 
1802 
1802 
1802 
1802 
1802 
1802 
1802 
1802 
1802 
1801 
1801 
1801 
1801 
1801 
1801 
1801 
1801 
1801 
1801 
1801 
1801 
1801 
1801 
1801 
1801 
1800 
1800 
1800 
1800 
1800 
1800 
1800 
1800 
1800 
1800 
1800 
1800 
1799 
1799 
1799 
1799 
1799 
1799 
1799 
1799 
1799 
1799 
1798 
1798 
1798 
1798 
1798 
1798 
1798 
1798 
1798 
1798 
1798 
1798 
1797 
1797 
1797 
1797 
1797 
1797 
1797 
1797 
1797 
1797 
1797 
1797 
1797 
1797 
1797 
1797 
1796 
1796 
1796 
1796 
1796 
1796 
1796 
1796 
1796 
1796 
1796 
1796 
1796 
1796 
1796 
1796 
1796 
1796 
1796 
1796 
1796 
1796 
1796 
1796 
1796 
1796 
1796 
1796 
1796 
1796 
1796 
1796 
1797 
1797 
1797 
1797 
1797 
1797 
1797 
1797 
1797 
1797 
1797 
1797 
1797 
1797 
1797 
1797 
1797 
1797 
1797 
1797 
1797 
1797 
1797 
1797 
1797 
1797 
1797 
1797 
1797 
1797 
1797 
1797 
1797 
1797 
1797 
1797 
1797 
1797 
1797 
1797 
1797 
1797 
1797 
1797 
1797 
1797 
1797 
1797 
1797 
1797 
1797 
1797 
1797 
1797 
1797 
1797 
1797 
1797 
1797 
1797 
1797 
1797 
1796 
1796 
1796 
1796 
1796 
1796 
1796 
1796 
1796 
1796 
1796 
1796 
1796 
1796 
1796 
1796 
1796 
1796 
1795 
1795 
1795 
1795 
1795 
1795 
1795 
1795 
1795 
1795 
1795 
1795 
1795 
1795 
1795 
1795 
1795 
1795 
1795 
1795 
1795 
1795 
1795 
1795 
1795 
1795 
1795 
1795 
1795 
1795 
1795 
1795 
1795 
1795 
1795 
1795 
1795 
1795 
1795 
1795 
1795 
1795 
1795 
1795 
1795 
1795 
1795 
1795 
1795 
1795 
1795 
1795 
1795 
1795 
1795 
1795 
1795 
1795 
1795 
1795 
1795 
1795 
1795 
1795 
1795 
1795 
1795 
1795 
1795 
1795 
1795 
1795 
1795 
1795 
1795 
1794 
1794 
1794 
1794 
1794 
1794 
1794 
1794 
1794 
1794 
1794 
1793 
1793 
1793 
1793 
1793 
1793 
1793 
1793 
1793 
1792 
1792 
1792 
1792 
1792 
1792 
1792 
1792 
1791 
1791 
1791 
1791 
1791 
1791 
1791 
1791 
1790 
1790 
1790 
1790 
1790 
1790 
1790 
1790 
1789 
1789 
1789 
1789 
1789 
1789 
1789 
1789 
1789 
1789 
1789 
1788 
1788 
1788 
1788 
1788 
1788 
1788 
1788 
1788 
1788 
1788 
1788 
1788 
1788 
1788 
1788 
1788 
1788 
1788 
1788 
1788 
1788 
1788 
1788 
1788 
1788 
1788 
1788 
1788 
1788 
1788 
1788 
1788 
1788 
1788 
1788 
1788 
1788 
1788 
1788 
1788 
1788 
1788 
1788 
1788 
1788 
1788 
1788 
1788 
1789 
1789 
1789 
1789 
1789 
1789 
1789 
1789 
1789 
1789 
1789 
1789 
1789 
1789 
1789 
1789 
1789 
1789 
1789 
1789 
1789 
1789 
1789 
1790 
1790 
1790 
1790 
1790 
1790 
1790 
1790 
1790 
1790 
1790 
1790 
1790 
1790 
1790 
1790 
1790 
1790 
1790 
1790 
1790 
1790 
1790 
1790 
1790 
1790 
1790 
1790 
1790 
1790 
1790 
1790 
1790 
1790 
1790 
1790 
1790 
1790 
1790 
1790 
1790 
1790 
1790 
1790 
1790 
1790 
1790 
1791 
1791 
1791 
1791 
1791 
1791 
1791 
1791 
1791 
1791 
1791 
1791 
1791 
1791 
1791 
1791 
1791 
1791 
1791 
1791 
1791 
1791 
1791 
1791 
1791 
1791 
1791 
1791 
1791 
1791 
1791 
1791 
1791 
1791 
1791 
1791 
1791 
1791 
1792 
1792 
1792 
1792 
1792 
1792 
1792 
1792 
1792 
1792 
1792 
1792 
1792 
1792 
1792 
1792 
1792 
1792 
1792 
1792 
1792 
1792 
1792 
1792 
1792 
1792 
1792 
1792 
1792 
1792 
1792 
1792 
1792 
1792 
1791 
1791 
1791 
1791 
1791 
1791 
1791 
1791 
1791 
1791 
1791 
1791 
1791 
1791 
1791 
1791 
1791 
1791 
1791 
1791 
1791 
1791 
1791 
1791 
1791 
1791 
1791 
1791 
1791 
1791 
1791 
1791 
1790 
1790 
1790 
1790 
1790 
1790 
1790 
1790 
1790 
1790 
1790 
1790 
1790 
1790 
1790 
1790 
1790 
1790 
1790 
1790 
1790 
1790 
1790 
1790 
1790 
1790 
1790 
1790 
1790 
1790 
1790 
1790 
1790 
1790 
1790 
1790 
1790 
1790 
1790 
1790 
1790 
1790 
1790 
1790 
1790 
1791 
1791 
1791 
1791 
1791 
1791 
1791 
1791 
1791 
1791 
1791 
1791 
1791 
1791 
1791 
1791 
1791 
1791 
1791 
1791 
1791 
1791 
1791 
1791 
1791 
1791 
1791 
1791 
1791 
1791 
1791 
1791 
1791 
1791 
1791 
1791 
1790 
1790 
1790 
1790 
1790 
1790 
1790 
1790 
1790 
1790 
1790 
1790 
1790 
1790 
1790 
1790 
1790 
1790 
1790 
1790 
1790 
1789 
1789 
1789 
1789 
1789 
1789 
1789 
1789 
1789 
1789 
1789 
1789 
1789 
1789 
1788 
1788 
1788 
1788 
1788 
1788 
1788 
1788 
1788 
1788 
1788 
1788 
1788 
1787 
1787 
1787 
1787 
1787 
1787 
1787 
1787 
1787 
1787 
1787 
1787 
1787 
1787 
1787 
1787 
1787 
1787 
1787 
1787 
1786 
1786 
1786 
1786 
1786 
1786 
1786 
1786 
1786 
1786 
1786 
1786 
1786 
1786 
1786 
1786 
1786 
1786 
1786 
1786 
1786 
1786 
1786 
1786 
1787 
1787 
1787 
1787 
1787 
1787 
1787 
1787 
1787 
1787 
1787 
1787 
1787 
1787 
1787 
1787 
1787 
1787 
1787 
1787 
1787 
1787 
1787 
1787 
1787 
1787 
1787 
1787 
1787 
1787 
1788 
1788 
1788 
1788 
1788 
1788 
1788 
1788 
1788 
1788 
1788 
1788 
1788 
1788 
1788 
1788 
1788 
1788 
1788 
1788 
1788 
1788 
1788 
1787 
1787 
1787 
1787 
1787 
1787 
1787 
1787 
1787 
1787 
1787 
1787 
1787 
1787 
1787 
1787 
1787 
1787 
1787 
1787 
1786 
1786 
1786 
1786 
1786 
1786 
1786 
1786 
1786 
1786 
1786 
1786 
1786 
1786 
1786 
1786 
1786 
1785 
1785 
1785 
1785 
1785 
1785 
1785 
1785 
1785 
1785 
1785 
1785 
1785 
1785 
1785 
1785 
1785 
1785 
1785 
1785 
1785 
1785 
1785 
1785 
1785 
1786 
1786 
1786 
1786 
1786 
1786 
1786 
1786 
1786 
1786 
1786 
1786 
1787 
1787 
1787 
1787 
1787 
1787 
1787 
1787 
1788 
1788 
1788 
1788 
1788 
1788 
1788 
1788 
1789 
1789 
1789 
1789 
1789 
1789 
1789 
1790 
1790 
1790 
1790 
1790 
1790 
1790 
1790 
1790 
1790 
1791 
1791 
1791 
1791 
1791 
1791 
1791 
1791 
1791 
1791 
1791 
1791 
1791 
1791 
1791 
1791 
1791 
1791 
1791 
1791 
1791 
1790 
1790 
1790 
1790 
1790 
1790 
1790 
1790 
1789 
1789 
1789 
1789 
1789 
1789 
1788 
1788 
1788 
1788 
1788 
1787 
1787 
1787 
1787 
1787 
1786 
1786 
1786 
1786 
1785 
1785 
1785 
1785 
1784 
1784 
1784 
1784 
1783 
1783 
1783 
1783 
1782 
1782 
1782 
1782 
1782 
1781 
1781 
1781 
1781 
1781 
1780 
1780 
1780 
1780 
1780 
1780 
1779 
1779 
1779 
1779 
1779 
1779 
1779 
1779 
1779 
1779 
1778 
1778 
1778 
1778 
1778 
1778 
1778 
1778 
1778 
1778 
1778 
1778 
1778 
1778 
1778 
1778 
1778 
1778 
1778 
1778 
1779 
1779 
1779 
1779 
1779 
1779 
1779 
1779 
1779 
1779 
1779 
1779 
1779 
1779 
1780 
1780 
1780 
1780 
1780 
1780 
1780 
1780 
1780 
1780 
1780 
1780 
1781 
1781 
1781 
1781 
1781 
1781 
1781 
1781 
1781 
1781 
1781 
1781 
1781 
1781 
1781 
1781 
1782 
1782 
1782 
1782 
1782 
1782 
1782 
1782 
1782 
1782 
1782 
1782 
1782 
1782 
1782 
1782 
1782 
1782 
1782 
1782 
1782 
1782 
1782 
1782 
1782 
1782 
1782 
1782 
1782 
1782 
1782 
1782 
1782 
1782 
1782 
1782 
1782 
1782 
1782 
1782 
1782 
1782 
1781 
1781 
1781 
1781 
1781 
1781 
1781 
1781 
1781 
1781 
1781 
1781 
1781 
1781 
1781 
1781 
1781 
1781 
1781 
1781 
1781 
1781 
1781 
1781 
1781 
1780 
1780 
1780 
1780 
1780 
1780 
1780 
1780 
1780 
1780 
1780 
1780 
1780 
1780 
1780 
1780 
1779 
1779 
1779 
1779 
1779 
1779 
1779 
1779 
1779 
1779 
1779 
1779 
1779 
1779 
1778 
1778 
1778 
1778 
1778 
1778 
1778 
1778 
1778 
1778 
1778 
1778 
1778 
1778 
1778 
1778 
1778 
1778 
1778 
1778 
1777 
1777 
1777 
1777 
1777 
1777 
1777 
1777 
1777 
1777 
1777 
1777 
1777 
1777 
1777 
1778 
1778 
1778 
1778 
1778 
1778 
1778 
1778 
1778 
1778 
1778 
1778 
1778 
1778 
1778 
1778 
1778 
1778 
1778 
1779 
1779 
1779 
1779 
1779 
1779 
1779 
1779 
1779 
1779 
1779 
1779 
1779 
1779 
1780 
1780 
1780 
1780 
1780 
1780 
1780 
1780 
1780 
1780 
1780 
1780 
1780 
1780 
1780 
1780 
1780 
1780 
1780 
1780 
1780 
1780 
1780 
1780 
1780 
1780 
1780 
1780 
1780 
1780 
1780 
1780 
1780 
1780 
1780 
1780 
1780 
1780 
1780 
1780 
1780 
1780 
1780 
1780 
1780 
1780 
1780 
1780 
1779 
1779 
1779 
1779 
1779 
1779 
1779 
1779 
1779 
1779 
1779 
1779 
1779 
1779 
1779 
1779 
1779 
1779 
1779 
1779 
1779 
1779 
1779 
1779 
1779 
1779 
1779 
1779 
1779 
1779 
1779 
1779 
1779 
1779 
1779 
1779 
1779 
1779 
1779 
1779 
1779 
1779 
1779 
1779 
1779 
1779 
1780 
1780 
1780 
1780 
1780 
1780 
1780 
1780 
1780 
1780 
1780 
1780 
1780 
1780 
1781 
1781 
1781 
1781 
1781 
1781 
1781 
1781 
1781 
1781 
1781 
1781 
1781 
1782 
1782 
1782 
1782 
1782 
1782 
1782 
1782 
1782 
1782 
1782 
1782 
1782 
1782 
1782 
1782 
1782 
1782 
1782 
1782 
1782 
1782 
1782 
1783 
1783 
1783 
1783 
1783 
1783 
1783 
1783 
1783 
1783 
1783 
1783 
1783 
1783 
1783 
1782 
1782 
1782 
1782 
1782 
1782 
1782 
1782 
1782 
1782 
1782 
1782 
1782 
1782 
1782 
1782 
1782 
1782 
1782 
1782 
1782 
1782 
1782 
1782 
1782 
1782 
1782 
1782 
1782 
1781 
1781 
1781 
1781 
1781 
1781 
1781 
1781 
1781 
1781 
1781 
1781 
1781 
1781 
1781 
1781 
1781 
1781 
1781 
1781 
1780 
1780 
1780 
1780 
1780 
1780 
1780 
1780 
1780 
1780 
1780 
1780 
1780 
1780 
1780 
1780 
1779 
1779 
1779 
1779 
1779 
1779 
1779 
1779 
1779 
1779 
1779 
1779 
1779 
1779 
1779 
1778 
1778 
1778 
1778 
1778 
1778 
1778 
1778 
1778 
1778 
1778 
1778 
1778 
1778 
1778 
1778 
1778 
1777 
1777 
1777 
1777 
1777 
1777 
1777 
1777 
1777 
1777 
1777 
1777 
1777 
1777 
1777 
1777 
1777 
1777 
1777 
1777 
1777 
1777 
1777 
1777 
1777 
1777 
1777 
1777 
1777 
1777 
1777 
1777 
1777 
1777 
1777 
1777 
1778 
1778 
1778 
1778 
1778 
1778 
1778 
1778 
1778 
1778 
1778 
1778 
1779 
1779 
1779 
1779 
1779 
1779 
1779 
1779 
1779 
1780 
1780 
1780 
1780 
1780 
1780 
1780 
1780 
1781 
1781 
1781 
1781 
1781 
1781 
1781 
1781 
1781 
1782 
1782 
1782 
1782 
1782 
1782 
1782 
1782 
1782 
1782 
1782 
1782 
1783 
1783 
1783 
1783 
1783 
1783 
1783 
1783 
1783 
1783 
1783 
1783 
1783 
1783 
1783 
1783 
1783 
1783 
1783 
1783 
1782 
1782 
1782 
1782 
1782 
1782 
1782 
1782 
1782 
1782 
1782 
1781 
1781 
1781 
1781 
1781 
1781 
1781 
1780 
1780 
1780 
1780 
1780 
1780 
1779 
1779 
1779 
1779 
1779 
1779 
1778 
1778 
1778 
1778 
1778 
1777 
1777 
1777 
1777 
1777 
1777 
1776 
1776 
1776 
1776 
1776 
1776 
1775 
1775 
1775 
1775 
1775 
1775 
1775 
1774 
1774 
1774 
1774 
1774 
1774 
1774 
1774 
1773 
1773 
1773 
1773 
1773 
1773 
1773 
1773 
1773 
1773 
1773 
1773 
1773 
1773 
1773 
1772 
1772 
1772 
1772 
1772 
1772 
1772 
1772 
1772 
1772 
1772 
1772 
1772 
1772 
1772 
1772 
1772 
1772 
1772 
1772 
1772 
1772 
1772 
1772 
1772 
1772 
1772 
1772 
1772 
1772 
1772 
1772 
1772 
1772 
1772 
1772 
1772 
1772 
1772 
1772 
1772 
1772 
1772 
1772 
1772 
1772 
1772 
1772 
1772 
1772 
1772 
1772 
1772 
1772 
1772 
1772 
1772 
1772 
1772 
1772 
1772 
1772 
1772 
1772 
1772 
1772 
1772 
1772 
1772 
1772 
1772 
1772 
1772 
1772 
1772 
1772 
1772 
1772 
1772 
1772 
1772 
1772 
1772 
1772 
1772 
1772 
1772 
1772 
1772 
1772 
1772 
1772 
1772 
1772 
1772 
1772 
1772 
1772 
1772 
1772 
1772 
1772 
1772 
1772 
1772 
1772 
1772 
1772 
1772 
1772 
1772 
1772 
1773 
1773 
1773 
1773 
1773 
1773 
1773 
1773 
1773 
1773 
1773 
1773 
1773 
1773 
1773 
1773 
1773 
1773 
1773 
1773 
1773 
1773 
1773 
1773 
1773 
1773 
1773 
1773 
1773 
1773 
1773 
1773 
1773 
1773 
1773 
1773 
1773 
1773 
1773 
1773 
1773 
1773 
1773 
1773 
1773 
1773 
1773 
1773 
1773 
1773 
1773 
1772 
1772 
1772 
1772 
1772 
1772 
1772 
1772 
1772 
1772 
1772 
1772 
1772 
1772 
1772 
1772 
1772 
1772 
1772 
1772 
1772 
1772 
1772 
1772 
1772 
1772 
1772 
1771 
1771 
1771 
1771 
1771 
1771 
1771 
1771 
1771 
1772 
1772 
1772 
1772 
1772 
1772 
1772 
1772 
1772 
1772 
1772 
1772 
1772 
1772 
1772 
1772 
1772 
1772 
1772 
1772 
1772 
1773 
1773 
1773 
1773 
1773 
1773 
1773 
1773 
1773 
1773 
1774 
1774 
1774 
1774 
1774 
1774 
1774 
1774 
1774 
1774 
1775 
1775 
1775 
1775 
1775 
1775 
1775 
1775 
1775 
1775 
1776 
1776 
1776 
1776 
1776 
1776 
1776 
1776 
1776 
1776 
1776 
1776 
1776 
1776 
1777 
1777 
1777 
1777 
1777 
1777 
1777 
1777 
1777 
1777 
1777 
1777 
1777 
1777 
1777 
1777 
1777 
1777 
1777 
1777 
1777 
1777 
1777 
1777 
1777 
1777 
1777 
1777 
1777 
1777 
1777 
1776 
1776 
1776 
1776 
1776 
1776 
1776 
1776 
1776 
1776 
1776 
1776 
1776 
1776 
1776 
1776 
1776 
1776 
1776 
1776 
1776 
1776 
1776 
1776 
1776 
1776 
1776 
1776 
1776 
1776 
1776 
1776 
1776 
1776 
1776 
1776 
1776 
1776 
1776 
1776 
1776 
1776 
1776 
1776 
1776 
1776 
1776 
1776 
1776 
1776 
1776 
1776 
1776 
1777 
1777 
1777 
1777 
1777 
1777 
1777 
1777 
1777 
1777 
1777 
1777 
1778 
1778 
1778 
1778 
1778 
1778 
1778 
1778 
1778 
1778 
1779 
1779 
1779 
1779 
1779 
1779 
1779 
1779 
1779 
1779 
1780 
1780 
1780 
1780 
1780 
1780 
1780 
1780 
1780 
1780 
1780 
1780 
1781 
1781 
1781 
1781 
1781 
1781 
1781 
1781 
1781 
1781 
1781 
1781 
1781 
1781 
1781 
1781 
1781 
1782 
1782 
1782 
1782 
1782 
1782 
1782 
1782 
1782 
1782 
1782 
1782 
1782 
1782 
1782 
1782 
1782 
1782 
1782 
1782 
1782 
1782 
1783 
1783 
1783 
1783 
1783 
1783 
1783 
1783 
1783 
1783 
1783 
1783 
1783 
1783 
1783 
1783 
1783 
1783 
1783 
1783 
1784 
1784 
1784 
1784 
1784 
1784 
1784 
1784 
1784 
1784 
1784 
1784 
1784 
1784 
1784 
1784 
1784 
1785 
1785 
1785 
1785 
1785 
1785 
1785 
1785 
1785 
1785 
1785 
1785 
1785 
1785 
1785 
1785 
1786 
1786 
1786 
1786 
1786 
1786 
1786 
1786 
1786 
1786 
1786 
1786 
1786 
1786 
1786 
1786 
1786 
1786 
1786 
1786 
1786 
1786 
1786 
1786 
1786 
1787 
1787 
1787 
1787 
1787 
1787 
1787 
1787 
1787 
1787 
1787 
1787 
1787 
1787 
1787 
1787 
1787 
1787 
1787 
1787 
1787 
1787 
1787 
1787 
1787 
1787 
1787 
1787 
1787 
1787 
1787 
1787 
1787 
1787 
1787 
1787 
1787 
1787 
1787 
1787 
1787 
1787 
1787 
1787 
1787 
1787 
1787 
1787 
1787 
1787 
1787 
1787 
1787 
1787 
1787 
1787 
1787 
1787 
1787 
1787 
1787 
1787 
1787 
1787 
1787 
1787 
1787 
1787 
1787 
1787 
1787 
1787 
1787 
1787 
1787 
1787 
1786 
1786 
1786 
1786 
1786 
1786 
1786 
1786 
1786 
1786 
1786 
1786 
1785 
1785 
1785 
1785 
1785 
1785 
1785 
1785 
1785 
1785 
1784 
1784 
1784 
1784 
1784 
1784 
1784 
1784 
1784 
1783 
1783 
1783 
1783 
1783 
1783 
1783 
1783 
1783 
1783 
1782 
1782 
1782 
1782 
1782 
1782 
1782 
1782 
1782 
1782 
1782 
1782 
1782 
1782 
1781 
1781 
1781 
1781 
1781 
1781 
1781 
1781 
1781 
1781 
1781 
1781 
1781 
1781 
1781 
1781 
1781 
1781 
1781 
1781 
1781 
1781 
1781 
1781 
1781 
1781 
1781 
1781 
1781 
1781 
1782 
1782 
1782 
1782 
1782 
1782 
1782 
1782 
1782 
1782 
1782 
1782 
1782 
1782 
1782 
1782 
1782 
1782 
1782 
1782 
1782 
1782 
1782 
1782 
1782 
1782 
1782 
1782 
1782 
1782 
1782 
1782 
1782 
1782 
1782 
1782 
1782 
1782 
1782 
1782 
1782 
1782 
1782 
1782 
1782 
1782 
1782 
1782 
1782 
1782 
1782 
1782 
1782 
1782 
1782 
1782 
1782 
1782 
1782 
1782 
1783 
1783 
1783 
1783 
1783 
1783 
1783 
1783 
1783 
1783 
1783 
1783 
1784 
1784 
1784 
1784 
1784 
1784 
1784 
1784 
1784 
1785 
1785 
1785 
1785 
1785 
1785 
1785 
1785 
1785 
1786 
1786 
1786 
1786 
1786 
1786 
1786 
1786 
1786 
1786 
1786 
1786 
1786 
1786 
1786 
1786 
1786 
1786 
1786 
1786 
1785 
1785 
1785 
1785 
1785 
1784 
1784 
1784 
1784 
1783 
1783 
1783 
1782 
1782 
1781 
1781 
1780 
1780 
1779 
1779 
1778 
1778 
1777 
1776 
1776 
1775 
1774 
1774 
1773 
1772 
1772 
1771 
1770 
1769 
1768 
1768 
1767 
1766 
1765 
1764 
1763 
1763 
1762 
1761 
1760 
1759 
1758 
1757 
1756 
1756 
1755 
1754 
1753 
1752 
1751 
1751 
1750 
1749 
1748 
1748 
1747 
1746 
1745 
1745 
1744 
1743 
1743 
1742 
1742 
1741 
1740 
1740 
1739 
1739 
1739 
1738 
1738 
1737 
1737 
1737 
1736 
1736 
1736 
1736 
1735 
1735 
1735 
1735 
1735 
1735 
1735 
1735 
1735 
1735 
1735 
1735 
1735 
1735 
1735 
1735 
1735 
1735 
1735 
1735 
1736 
1736 
1736 
1736 
1736 
1737 
1737 
1737 
1737 
1737 
1738 
1738 
1738 
1738 
1738 
1739 
1739 
1739 
1739 
1739 
1740 
1740 
1740 
1740 
1740 
1741 
1741 
1741 
1741 
1741 
1741 
1742 
1742 
1742 
1742 
1742 
1742 
1742 
1743 
1743 
1743 
1743 
1743 
1743 
1743 
1743 
1743 
1744 
1744 
1744 
1744 
1744 
1744 
1744 
1744 
1744 
1744 
1744 
1745 
1745 
1745 
1745 
1745 
1745 
1745 
1745 
1745 
1746 
1746 
1746 
1746 
1746 
1746 
1746 
1747 
1747 
1747 
1747 
1747 
1747 
1747 
1748 
1748 
1748 
1748 
1748 
1748 
1749 
1749 
1749 
1749 
1749 
1749 
1749 
1750 
1750 
1750 
1750 
1750 
1750 
1750 
1750 
1751 
1751 
1751 
1751 
1751 
1751 
1751 
1751 
1751 
1751 
1751 
1752 
1752 
1752 
1752 
1752 
1752 
1752 
1752 
1752 
1752 
1752 
1752 
1752 
1752 
1752 
1752 
1752 
1752 
1752 
1752 
1752 
1753 
1753 
1753 
1753 
1753 
1753 
1753 
1753 
1753 
1753 
1753 
1753 
1754 
1754 
1754 
1754 
1754 
1754 
1754 
1755 
1755 
1755 
1755 
1755 
1756 
1756 
1756 
1756 
1756 
1757 
1757 
1757 
1757 
1757 
1758 
1758 
1758 
1758 
1758 
1759 
1759 
1759 
1759 
1759 
1759 
1760 
1760 
1760 
1760 
1760 
1760 
1760 
1760 
1760 
1760 
1760 
1760 
1760 
1760 
1760 
1760 
1760 
1760 
1759 
1759 
1759 
1759 
1759 
1758 
1758 
1758 
1758 
1757 
1757 
1757 
1756 
1756 
1756 
1755 
1755 
1754 
1754 
1754 
1753 
1753 
1752 
1752 
1751 
1751 
1751 
1750 
1750 
1749 
1749 
1748 
1748 
1748 
1747 
1747 
1746 
1746 
1746 
1745 
1745 
1745 
1745 
1744 
1744 
1744 
1744 
1744 
1743 
1743 
1743 
1743 
1743 
1743 
1743 
1743 
1743 
1743 
1743 
1743 
1743 
1743 
1743 
1743 
1743 
1743 
1743 
1743 
1743 
1743 
1743 
1743 
1743 
1743 
1743 
1743 
1743 
1743 
1743 
1743 
1743 
1743 
1743 
1743 
1743 
1743 
1742 
1742 
1742 
1742 
1741 
1741 
1741 
1740 
1740 
1739 
1739 
1738 
1738 
1737 
1736 
1736 
1735 
1734 
1733 
1733 
1732 
1731 
1730 
1729 
1728 
1727 
1726 
1725 
1724 
1723 
1722 
1721 
1720 
1719 
1718 
1717 
1716 
1715 
1714 
1713 
1712 
1711 
1710 
1709 
1708 
1707 
1706 
1705 
1705 
1704 
1703 
1702 
1702 
1701 
1701 
1700 
1700 
1699 
1699 
1698 
1698 
1698 
1698 
1698 
1698 
1698 
1698 
1698 
1698 
1698 
1698 
1699 
1699 
1699 
1700 
1700 
1701 
1701 
1702 
1702 
1703 
1704 
1705 
1705 
1706 
1707 
1708 
1709 
1709 
1710 
1711 
1712 
1713 
1714 
1715 
1715 
1716 
1717 
1718 
1719 
1719 
1720 
1721 
1722 
1722 
1723 
1723 
1724 
1724 
1725 
1725 
1726 
1726 
1726 
1726 
1726 
1726 
1726 
1726 
1726 
1726 
1726 
1726 
1725 
1725 
1725 
1724 
1724 
1723 
1723 
1722 
1721 
1721 
1720 
1719 
1718 
1718 
1717 
1716 
1715 
1714 
1713 
1712 
1711 
1710 
1709 
1708 
1707 
1707 
1706 
1705 
1704 
1703 
1702 
1701 
1701 
1700 
1699 
1699 
1698 
1698 
1697 
1697 
1696 
1696 
1696 
1695 
1695 
1695 
1695 
1695 
1695 
1695 
1696 
1696 
1696 
1697 
1697 
1698 
1698 
1699 
1700 
1700 
1701 
1702 
1703 
1704 
1705 
1706 
1707 
1708 
1709 
1711 
1712 
1713 
1714 
1716 
1717 
1718 
1720 
1721 
1722 
1724 
1725 
1727 
1728 
1729 
1731 
1732 
1733 
1735 
1736 
1737 
1738 
1739 
1741 
1742 
1743 
1744 
1745 
1746 
1746 
1747 
1748 
1749 
1750 
1750 
1751 
1751 
1752 
1752 
1753 
1753 
1753 
1753 
1754 
1754 
1754 
1754 
1754 
1754 
1753 
1753 
1753 
1753 
1752 
1752 
1752 
1751 
1751 
1750 
1750 
1749 
1749 
1748 
1747 
1747 
1746 
1745 
1745 
1744 
1743 
1743 
1742 
1741 
1740 
1740 
1739 
1738 
1737 
1737 
1736 
1735 
1735 
1734 
1733 
1732 
1732 
1731 
1730 
1730 
1729 
1729 
1728 
1727 
1727 
1726 
1726 
1725 
1725 
1724 
1724 
1724 
1723 
1723 
1722 
1722 
1722 
1721 
1721 
1721 
1720 
1720 
1720 
1719 
1719 
1719 
1719 
1719 
1718 
1718 
1718 
1718 
1718 
1717 
1717 
1717 
1717 
1717 
1717 
1716 
1716 
1716 
1716 
1716 
1716 
1716 
1715 
1715 
1715 
1715 
1715 
1715 
1715 
1714 
1714 
1714 
1714 
1714 
1714 
1714 
1713 
1713 
1713 
1713 
1713 
1712 
1712 
1712 
1712 
1712 
1711 
1711 
1711 
1711 
1710 
1710 
1710 
1710 
1709 
1709 
1709 
1708 
1708 
1708 
1708 
1707 
1707 
1706 
1706 
1706 
1705 
1705 
1705 
1704 
1704 
1703 
1703 
1702 
1702 
1702 
1701 
1701 
1700 
1700 
1699 
1699 
1698 
1698 
1697 
1697 
1697 
1696 
1696 
1695 
1695 
1694 
1694 
1694 
1693 
1693 
1692 
1692 
1692 
1691 
1691 
1691 
1690 
1690 
1690 
1690 
1690 
1689 
1689 
1689 
1689 
1689 
1689 
1689 
1689 
1689 
1689 
1689 
1690 
1690 
1690 
1690 
1690 
1691 
1691 
1691 
1692 
1692 
1693 
1693 
1693 
1694 
1694 
1695 
1695 
1696 
1697 
1697 
1698 
1698 
1699 
1700 
1700 
1701 
1701 
1702 
1703 
1703 
1704 
1704 
1705 
1705 
1706 
1706 
1707 
1707 
1708 
1708 
1708 
1709 
1709 
1709 
1710 
1710 
1710 
1710 
1710 
1710 
1710 
1710 
1710 
1710 
1710 
1710 
1710 
1709 
1709 
1709 
1708 
1708 
1708 
1707 
1707 
1706 
1706 
1705 
1705 
1704 
1704 
1703 
1703 
1702 
1702 
1701 
1701 
1700 
1700 
1699 
1699 
1698 
1698 
1697 
1697 
1697 
1696 
1696 
1696 
1696 
1696 
1696 
1696 
1696 
1696 
1696 
1696 
1696 
1697 
1697 
1698 
1698 
1699 
1699 
1700 
1701 
1701 
1702 
1703 
1704 
1705 
1706 
1707 
1708 
1709 
1711 
1712 
1713 
1714 
1716 
1717 
1718 
1720 
1721 
1722 
1723 
1725 
1726 
1727 
1729 
1730 
1731 
1732 
1733 
1734 
1735 
1736 
1737 
1738 
1739 
1739 
1740 
1741 
1741 
1741 
1742 
1742 
1742 
1742 
1742 
1742 
1742 
1741 
1741 
1741 
1740 
1739 
1738 
1738 
1737 
1736 
1734 
1733 
1732 
1731 
1729 
1728 
1726 
1725 
1723 
1721 
1719 
1717 
1716 
1714 
1712 
1710 
1708 
1706 
1704 
1702 
1700 
1698 
1696 
1694 
1692 
1690 
1688 
1686 
1684 
1682 
1680 
1679 
1677 
1676 
1674 
1673 
1671 
1670 
1669 
1668 
1667 
1666 
1665 
1664 
1663 
1663 
1662 
1662 
1662 
1662 
1662 
1662 
1662 
1662 
1662 
1663 
1663 
1664 
1664 
1665 
1666 
1667 
1668 
1669 
1670 
1671 
1672 
1673 
1675 
1676 
1677 
1679 
1680 
1682 
1683 
1685 
1686 
1688 
1689 
1691 
1693 
1694 
1696 
1697 
1699 
1700 
1702 
1703 
1705 
1706 
1707 
1709 
1710 
1711 
1712 
1713 
1715 
1716 
1717 
1717 
1718 
1719 
1720 
1720 
1721 
1721 
1722 
1722 
1723 
1723 
1723 
1723 
1723 
1723 
1723 
1723 
1723 
1723 
1722 
1722 
1722 
1721 
1721 
1720 
1720 
1719 
1719 
1718 
1717 
1716 
1716 
1715 
1714 
1713 
1712 
1711 
1711 
1710 
1709 
1708 
1707 
1706 
1705 
1704 
1703 
1702 
1702 
1701 
1700 
1699 
1698 
1697 
1697 
1696 
1695 
1694 
1694 
1693 
1693 
1692 
1692 
1691 
1691 
1690 
1690 
1690 
1689 
1689 
1689 
1689 
1689 
1689 
1689 
1689 
1689 
1689 
1689 
1690 
1690 
1690 
1691 
1691 
1692 
1692 
1693 
1694 
1694 
1695 
1696 
1697 
1698 
1699 
1700 
1701 
1702 
1703 
1704 
1705 
1706 
1707 
1708 
1709 
1711 
1712 
1713 
1714 
1716 
1717 
1718 
1719 
1721 
1722 
1723 
1724 
1726 
1727 
1728 
1729 
1730 
1732 
1733 
1734 
1735 
1736 
1737 
1738 
1739 
1739 
1740 
1741 
1742 
1742 
1743 
1743 
1744 
1744 
1745 
1745 
1745 
1745 
1745 
1745 
1745 
1745 
1745 
1745 
1745 
1744 
1744 
1744 
1743 
1743 
1742 
1741 
1741 
1740 
1739 
1738 
1738 
1737 
1736 
1735 
1734 
1733 
1732 
1731 
1730 
1729 
1728 
1727 
1726 
1725 
1724 
1723 
1722 
1721 
1720 
1719 
1718 
1718 
1717 
1716 
1715 
1715 
1714 
1714 
1713 
1713 
1713 
1712 
1712 
1712 
1712 
1712 
1712 
1712 
1713 
1713 
1713 
1714 
1714 
1715 
1716 
1717 
1718 
1718 
1720 
1721 
1722 
1723 
1724 
1726 
1727 
1729 
1730 
1732 
1733 
1735 
1737 
1739 
1740 
1742 
1744 
1746 
1748 
1750 
1752 
1754 
1756 
1758 
1760 
1762 
1764 
1766 
1768 
1770 
1772 
1774 
1776 
1777 
1779 
1781 
1783 
1785 
1786 
1788 
1790 
1791 
1793 
1794 
1796 
1797 
1799 
1800 
1801 
1802 
1804 
1805 
1806 
1807 
1808 
1809 
1809 
1810 
1811 
1812 
1812 
1813 
1813 
1814 
1814 
1815 
1815 
1816 
1816 
1816 
1817 
1817 
1817 
1817 
1817 
1817 
1818 
1818 
1818 
1818 
1818 
1818 
1818 
1818 
1818 
1818 
1818 
1818 
1818 
1818 
1818 
1818 
1818 
1818 
1818 
1818 
1818 
1818 
1818 
1818 
1818 
1819 
1819 
1819 
1819 
1819 
1819 
1819 
1820 
1820 
1820 
1820 
1820 
1821 
1821 
1821 
1821 
1822 
1822 
1822 
1822 
1823 
1823 
1823 
1824 
1824 
1824 
1824 
1825 
1825 
1825 
1826 
1826 
1826 
1826 
1827 
1827 
1827 
1827 
1828 
1828 
1828 
1828 
1828 
1829 
1829 
1829 
1829 
1829 
1830 
1830 
1830 
1830 
1830 
1830 
1830 
1830 
1830 
1830 
1830 
1830 
1830 
1830 
1830 
1830 
1830 
1830 
1830 
1830 
1830 
1830 
1830 
1830 
1830 
1830 
1830 
1830 
1829 
1829 
1829 
1829 
1829 
1829 
1829 
1828 
1828 
1828 
1828 
1828 
1828 
1827 
1827 
1827 
1827 
1826 
1826 
1826 
1826 
1826 
1825 
1825 
1825 
1825 
1824 
1824 
1824 
1824 
1824 
1823 
1823 
1823 
1823 
1822 
1822 
1822 
1822 
1821 
1821 
1821 
1821 
1821 
1820 
1820 
1820 
1820 
1820 
1819 
1819 
1819 
1819 
1819 
1819 
1819 
1818 
1818 
1818 
1818 
1818 
1818 
1818 
1818 
1818 
1818 
1818 
1818 
1818 
1818 
1818 
1818 
1818 
1818 
1818 
1818 
1818 
1818 
1818 
1818 
1818 
1818 
1818 
1818 
1819 
1819 
1819 
1819 
1819 
1819 
1819 
1820 
1820 
1820 
1820 
1820 
1821 
1821 
1821 
1821 
1822 
1822 
1822 
1822 
1822 
1823 
1823 
1823 
1823 
1824 
1824 
1824 
1824 
1825 
1825 
1825 
1825 
1826 
1826 
1826 
1826 
1827 
1827 
1827 
1827 
1828 
1828 
1828 
1828 
1828 
1829 
1829 
1829 
1829 
1829 
1830 
1830 
1830 
1830 
1830 
1830 
1831 
1831 
1831 
1831 
1831 
1831 
1831 
1832 
1832 
1832 
1832 
1832 
1832 
1832 
1832 
1832 
1833 
1833 
1833 
1833 
1833 
1833 
1833 
1833 
1833 
1833 
1833 
1833 
1833 
1833 
1834 
1834 
1834 
1834 
1834 
1834 
1834 
1834 
1834 
1834 
1834 
1834 
1834 
1834 
1834 
1834 
1834 
1835 
1835 
1835 
1835 
1835 
1835 
1835 
1835 
1835 
1835 
1835 
1835 
1835 
1836 
1836 
1836 
1836 
1836 
1836 
1836 
1836 
1836 
1836 
1837 
1837 
1837 
1837 
1837 
1837 
1837 
1837 
1837 
1838 
1838 
1838 
1838 
1838 
1838 
1838 
1838 
1839 
1839 
1839 
1839 
1839 
1839 
1839 
1839 
1839 
1839 
1839 
1840 
1840 
1840 
1840 
1840 
1840 
1840 
1840 
1840 
1840 
1840 
1840 
1840 
1840 
1840 
1840 
1840 
1840 
1840 
1840 
1840 
1840 
1839 
1839 
1839 
1839 
1839 
1839 
1839 
1839 
1838 
1838 
1838 
1838 
1838 
1837 
1837 
1837 
1837 
1836 
1836 
1836 
1836 
1835 
1835 
1835 
1834 
1834 
1834 
1833 
1833 
1833 
1832 
1832 
1832 
1831 
1831 
1831 
1830 
1830 
1830 
1829 
1829 
1829 
1828 
1828 
1828 
1827 
1827 
1827 
1826 
1826 
1826 
1825 
1825 
1825 
1824 
1824 
1824 
1824 
1823 
1823 
1823 
1823 
1822 
1822 
1822 
1822 
1822 
1821 
1821 
1821 
1821 
1821 
1821 
1820 
1820 
1820 
1820 
1820 
1820 
1820 
1820 
1820 
1820 
1820 
1820 
1819 
1819 
1819 
1819 
1819 
1819 
1819 
1819 
1819 
1819 
1819 
1820 
1820 
1820 
1820 
1820 
1820 
1820 
1820 
1820 
1820 
1820 
1820 
1820 
1820 
1820 
1820 
1820 
1821 
1821 
1821 
1821 
1821 
1821 
1821 
1821 
1821 
1821 
1821 
1821 
1821 
1822 
1822 
1822 
1822 
1822 
1822 
1822 
1822 
1822 
1822 
1822 
1822 
1822 
1822 
1823 
1823 
1823 
1823 
1823 
1823 
1823 
1823 
1823 
1823 
1823 
1823 
1823 
1823 
1823 
1823 
1823 
1823 
1824 
1824 
1824 
1824 
1824 
1824 
1824 
1824 
1824 
1824 
1824 
1824 
1824 
1824 
1824 
1824 
1824 
1824 
1824 
1824 
1824 
1824 
1823 
1823 
1823 
1823 
1823 
1823 
1823 
1823 
1823 
1822 
1822 
1822 
1822 
1822 
1821 
1821 
1821 
1821 
1820 
1820 
1820 
1819 
1819 
1819 
1818 
1818 
1817 
1817 
1817 
1816 
1816 
1815 
1815 
1814 
1814 
1813 
1812 
1812 
1811 
1811 
1810 
1809 
1809 
1808 
1807 
1807 
1806 
1805 
1804 
1804 
1803 
1802 
1802 
1801 
1800 
1799 
1799 
1798 
1797 
1796 
1796 
1795 
1794 
1793 
1793 
1792 
1791 
1791 
1790 
1789 
1789 
1788 
1787 
1787 
1786 
1786 
1785 
1785 
1784 
1784 
1783 
1783 
1782 
1782 
1781 
1781 
1781 
1780 
1780 
1780 
1779 
1779 
1779 
1779 
1779 
1778 
1778 
1778 
1778 
1778 
1778 
1778 
1778 
1777 
1777 
1777 
1777 
1777 
1777 
1777 
1777 
1777 
1777 
1777 
1777 
1777 
1776 
1776 
1776 
1776 
1776 
1775 
1775 
1775 
1775 
1774 
1774 
1773 
1773 
1772 
1772 
1771 
1771 
1770 
1769 
1768 
1768 
1767 
1766 
1765 
1764 
1763 
1762 
1761 
1760 
1758 
1757 
1756 
1754 
1753 
1751 
1750 
1748 
1747 
1745 
1744 
1742 
1740 
1738 
1737 
1735 
1733 
1731 
1729 
1727 
1725 
1724 
1722 
1720 
1718 
1716 
1714 
1712 
1710 
1708 
1706 
1704 
1702 
1700 
1699 
1697 
1695 
1693 
1692 
1690 
1688 
1687 
1685 
1683 
1682 
1680 
1679 
1678 
1676 
1675 
1674 
1673 
1672 
1671 
1670 
1669 
1668 
1667 
1666 
1665 
1665 
1664 
1664 
1663 
1663 
1662 
1662 
1661 
1661 
1661 
1661 
1661 
1661 
1660 
1660 
1660 
1661 
1661 
1661 
1661 
1661 
1661 
1662 
1662 
1662 
1662 
1663 
1663 
1664 
1664 
1664 
1665 
1665 
1666 
1666 
1667 
1667 
1668 
1668 
1669 
1669 
1670 
1670 
1671 
1671 
1672 
1673 
1673 
1674 
1674 
1675 
1676 
1676 
1677 
1678 
1678 
1679 
1680 
1681 
1681 
1682 
1683 
1684 
1685 
1686 
1687 
1687 
1688 
1689 
1690 
1692 
1693 
1694 
1695 
1696 
1697 
1699 
1700 
1701 
1703 
1704 
1705 
1707 
1708 
1710 
1712 
1713 
1715 
1717 
1718 
1720 
1722 
1724 
1725 
1727 
1729 
1731 
1733 
1735 
1737 
1739 
1741 
1743 
1745 
1747 
1749 
1751 
1753 
1755 
1757 
1759 
1761 
1763 
1765 
1766 
1768 
1770 
1772 
1774 
1776 
1777 
1779 
1781 
1782 
1784 
1785 
1787 
1788 
1790 
1791 
1792 
1793 
1794 
1796 
1797 
1798 
1799 
1799 
1800 
1801 
1802 
1802 
1803 
1804 
1804 
1805 
1805 
1805 
1806 
1806 
1806 
1806 
1806 
1806 
1807 
1807 
1806 
1806 
1806 
1806 
1806 
1806 
1806 
1805 
1805 
1805 
1805 
1804 
1804 
1804 
1803 
1803 
1803 
1802 
1802 
1802 
1801 
1801 
1801 
1801 
1800 
1800 
1800 
1800 
1799 
1799 
1799 
1799 
1799 
1799 
1798 
1798 
1798 
1798 
1798 
1798 
1798 
1798 
1798 
1799 
1799 
1799 
1799 
1799 
1799 
1799 
1800 
1800 
1800 
1800 
1801 
1801 
1801 
1802 
1802 
1802 
1803 
1803 
1803 
1804 
1804 
1804 
1805 
1805 
1805 
1806 
1806 
1806 
1807 
1807 
1807 
1808 
1808 
1808 
1809 
1809 
1809 
1810 
1810 
1810 
1810 
1811 
1811 
1811 
1811 
1812 
1812 
1812 
1812 
1812 
1813 
1813 
1813 
1813 
1813 
1813 
1813 
1814 
1814 
1814 
1814 
1814 
1814 
1814 
1814 
1814 
1815 
1815 
1815 
1815 
1815 
1815 
1815 
1815 
1815 
1815 
1815 
1815 
1815 
1816 
1816 
1816 
1816 
1816 
1816 
1816 
1816 
1816 
1816 
1816 
1816 
1816 
1816 
1816 
1816 
1816 
1816 
1816 
1816 
1816 
1816 
1816 
1816 
1816 
1816 
1815 
1815 
1815 
1815 
1815 
1815 
1815 
1814 
1814 
1814 
1814 
1813 
1813 
1813 
1813 
1812 
1812 
1812 
1811 
1811 
1811 
1810 
1810 
1810 
1809 
1809 
1808 
1808 
1808 
1807 
1807 
1806 
1806 
1806 
1805 
1805 
1805 
1804 
1804 
1803 
1803 
1803 
1802 
1802 
1802 
1802 
1801 
1801 
1801 
1801 
1801 
1800 
1800 
1800 
1800 
1800 
1800 
1800 
1800 
1800 
1800 
1800 
1801 
1801 
1801 
1801 
1801 
1802 
1802 
1802 
1803 
1803 
1803 
1804 
1804 
1805 
1805 
1806 
1806 
1807 
1808 
1808 
1809 
1810 
1810 
1811 
1812 
1812 
1813 
1814 
1815 
1815 
1816 
1817 
1818 
1818 
1819 
1820 
1821 
1821 
1822 
1823 
1824 
1824 
1825 
1826 
1826 
1827 
1828 
1828 
1829 
1830 
1830 
1831 
1831 
1832 
1832 
1833 
1833 
1834 
1834 
1835 
1835 
1835 
1836 
1836 
1837 
1837 
1837 
1837 
1838 
1838 
1838 
1838 
1838 
1838 
1838 
1839 
1839 
1839 
1839 
1839 
1839 
1839 
1839 
1839 
1839 
1839 
1839 
1838 
1838 
1838 
1838 
1838 
1838 
1838 
1838 
1837 
1837 
1837 
1837 
1837 
1837 
1837 
1836 
1836 
1836 
1836 
1836 
1836 
1836 
1835 
1835 
1835 
1835 
1835 
1835 
1835 
1834 
1834 
1834 
1834 
1834 
1834 
1834 
1834 
1834 
1834 
1834 
1834 
1833 
1833 
1833 
1833 
1833 
1833 
1833 
1833 
1833 
1833 
1833 
1833 
1833 
1833 
1833 
1833 
1833 
1833 
1833 
1833 
1833 
1833 
1833 
1833 
1833 
1834 
1834 
1834 
1834 
1834 
1834 
1834 
1834 
1834 
1834 
1834 
1834 
1834 
1834 
1834 
1835 
1835 
1835 
1835 
1835 
1835 
1835 
1835 
1835 
1835 
1836 
1836 
1836 
1836 
1836 
1836 
1836 
1836 
1837 
1837 
1837 
1837 
1837 
1837 
1837 
1837 
1838 
1838 
1838 
1838 
1838 
1838 
1838 
1838 
1839 
1839 
1839 
1839 
1839 
1839 
1839 
1839 
1839 
1840 
1840 
1840 
1840 
1840 
1840 
1840 
1840 
1840 
1840 
1841 
1841 
1841 
1841 
1841 
1841 
1841 
1841 
1841 
1841 
1841 
1841 
1841 
1841 
1841 
1841 
1841 
1842 
1842 
1842 
1842 
1842 
1842 
1842 
1842 
1842 
1842 
1842 
1842 
1842 
1842 
1842 
1842 
1842 
1842 
1842 
1842 
1842 
1842 
1842 
1842 
1842 
1842 
1842 
1842 
1842 
1842 
1842 
1842 
1842 
1842 
1842 
1842 
1842 
1842 
1842 
1842 
1842 
1842 
1842 
1842 
1843 
1843 
1843 
1843 
1843 
1843 
1843 
1843 
1843 
1843 
1843 
1843 
1843 
1843 
1843 
1843 
1843 
1843 
1843 
1843 
1843 
1843 
1843 
1842 
1842 
1842 
1842 
1842 
1842 
1842 
1842 
1842 
1842 
1842 
1842 
1842 
1842 
1842 
1842 
1842 
1842 
1842 
1842 
1842 
1842 
1842 
1841 
1841 
1841 
1841 
1841 
1841 
1841 
1841 
1841 
1841 
1841 
1841 
1841 
1841 
1841 
1841 
1841 
1841 
1841 
1841 
1841 
1841 
1841 
1841 
1841 
1841 
1841 
1841 
1841 
1841 
1841 
1841 
1841 
1841 
1842 
1842 
1842 
1842 
1842 
1842 
1842 
1842 
1842 
1842 
1842 
1843 
1843 
1843 
1843 
1843 
1843 
1843 
1843 
1843 
1844 
1844 
1844 
1844 
1844 
1844 
1844 
1844 
1844 
1844 
1844 
1845 
1845 
1845 
1845 
1845 
1845 
1845 
1845 
1845 
1845 
1845 
1845 
1845 
1845 
1845 
1845 
1845 
1845 
1845 
1845 
1845 
1845 
1845 
1844 
1844 
1844 
1844 
1844 
1844 
1844 
1844 
1844 
1843 
1843 
1843 
1843 
1843 
1843 
1843 
1842 
1842 
1842 
1842 
1842 
1842 
1841 
1841 
1841 
1841 
1841 
1840 
1840 
1840 
1840 
1840 
1840 
1839 
1839 
1839 
1839 
1839 
1839 
1839 
1838 
1838 
1838 
1838 
1838 
1838 
1838 
1837 
1837 
1837 
1837 
1837 
1837 
1837 
1837 
1837 
1837 
1837 
1837 
1836 
1836 
1836 
1836 
1836 
1836 
1836 
1836 
1836 
1836 
1836 
1836 
1836 
1836 
1836 
1836 
1836 
1836 
1836 
1836 
1836 
1836 
1836 
1836 
1836 
1836 
1837 
1837 
1837 
1837 
1837 
1837 
1837 
1837 
1837 
1837 
1837 
1837 
1837 
1837 
1837 
1837 
1837 
1837 
1837 
1837 
1838 
1838 
1838 
1838 
1838 
1838 
1838 
1838 
1838 
1838 
1838 
1838 
1838 
1838 
1838 
1838 
1839 
1839 
1839 
1839 
1839 
1839 
1839 
1839 
1839 
1839 
1839 
1839 
1839 
1839 
1840 
1840 
1840 
1840 
1840 
1840 
1840 
1840 
1840 
1840 
1840 
1840 
1841 
1841 
1841 
1841 
1841 
1841 
1841 
1841 
1841 
1841 
1841 
1841 
1842 
1842 
1842 
1842 
1842 
1842 
1842 
1842 
1842 
1842 
1842 
1842 
1842 
1842 
1842 
1842 
1842 
1842 
1842 
1843 
1843 
1843 
1843 
1843 
1843 
1843 
1843 
1843 
1843 
1843 
1843 
1843 
1843 
1843 
1843 
1843 
1843 
1843 
1843 
1843 
1842 
1842 
1842 
1842 
1842 
1842 
1842 
1842 
1842 
1842 
1842 
1842 
1842 
1842 
1842 
1842 
1842 
1842 
1842 
1842 
1842 
1842 
1842 
1842 
1842 
1842 
1842 
1842 
1842 
1842 
1842 
1842 
1842 
1842 
1842 
1842 
1842 
1842 
1842 
1842 
1842 
1842 
1842 
1842 
1842 
1842 
1842 
1842 
1842 
1842 
1842 
1842 
1842 
1842 
1842 
1842 
1842 
1842 
1842 
1843 
1843 
1843 
1843 
1843 
1843 
1843 
1843 
1843 
1843 
1843 
1843 
1843 
1843 
1844 
1844 
1844 
1844 
1844 
1844 
1844 
1844 
1844 
1844 
1844 
1844 
1844 
1845 
1845 
1845 
1845 
1845 
1845 
1845 
1845 
1845 
1845 
1845 
1845 
1845 
1845 
1845 
1846 
1846 
1846 
1846 
1846 
1846 
1846 
1846 
1846 
1846 
1846 
1846 
1846 
1846 
1846 
1846 
1846 
1846 
1846 
1846 
1846 
1847 
1847 
1847 
1847 
1847 
1847 
1847 
1847 
1847 
1847 
1847 
1847 
1847 
1847 
1847 
1847 
1847 
1847 
1847 
1847 
1847 
1847 
1847 
1847 
1847 
1847 
1847 
1847 
1847 
1847 
1847 
1847 
1847 
1847 
1847 
1847 
1847 
1847 
1847 
1847 
1847 
1847 
1847 
1847 
1847 
1847 
1847 
1847 
1848 
1848 
1848 
1848 
1848 
1848 
1848 
1848 
1848 
1848 
1848 
1848 
1848 
1848 
1848 
1848 
1848 
1848 
1848 
1848 
1848 
1848 
1848 
1848 
1848 
1848 
1848 
1848 
1848 
1848 
1848 
1848 
1848 
1848 
1848 
1848 
1848 
1848 
1848 
1848 
1848 
1848 
1848 
1848 
1848 
1848 
1848 
1848 
1849 
1849 
1849 
1849 
1849 
1849 
1849 
1849 
1849 
1849 
1849 
1849 
1849 
1849 
1849 
1849 
1849 
1849 
1849 
1849 
1849 
1849 
1849 
1849 
1849 
1849 
1849 
1849 
1849 
1849 
1849 
1849 
1849 
1849 
1849 
1849 
1849 
1849 
1849 
1849 
1849 
1849 
1849 
1849 
1849 
1849 
1849 
1849 
1849 
1850 
1850 
1850 
1850 
1850 
1850 
1850 
1850 
1850 
1850 
1850 
1850 
1850 
1850 
1850 
1850 
1850 
1850 
1850 
1850 
1850 
1850 
1850 
1850 
1850 
1850 
1850 
1850 
1850 
1850 
1850 
1850 
1850 
1850 
1850 
1850 
1850 
1850 
1851 
1851 
1851 
1851 
1851 
1851 
1851 
1851 
1851 
1851 
1851 
1851 
1851 
1851 
1851 
1851 
1851 
1851 
1851 
1851 
1851 
1851 
1851 
1850 
1850 
1850 
1850 
1850 
1850 
1850 
1850 
1850 
1850 
1850 
1850 
1850 
1850 
1850 
1850 
1850 
1850 
1850 
1850 
1850 
1850 
1850 
1850 
1850 
1850 
1850 
1850 
1850 
1850 
1850 
1850 
1850 
1850 
1850 
1850 
1850 
1850 
1850 
1850 
1850 
1850 
1850 
1850 
1850 
1850 
1850 
1850 
1850 
1850 
1850 
1850 
1850 
1851 
1851 
1851 
1851 
1851 
1851 
1851 
1851 
1851 
1851 
1851 
1851 
1851 
1851 
1851 
1851 
1851 
1851 
1851 
1851 
1851 
1851 
1851 
1851 
1851 
1852 
1852 
1852 
1852 
1852 
1852 
1852 
1852 
1851 
1851 
1851 
1851 
1851 
1851 
1851 
1851 
1851 
1851 
1851 
1851 
1851 
1851 
1851 
1851 
1851 
1850 
1850 
1850 
1850 
1850 
1850 
1850 
1850 
1849 
1849 
1849 
1849 
1849 
1849 
1849 
1848 
1848 
1848 
1848 
1848 
1848 
1847 
1847 
1847 
1847 
1847 
1847 
1846 
1846 
1846 
1846 
1846 
1846 
1845 
1845 
1845 
1845 
1845 
1845 
1845 
1844 
1844 
1844 
1844 
1844 
1844 
1844 
1844 
1844 
1844 
1843 
1843 
1843 
1843 
1843 
1843 
1843 
1843 
1843 
1843 
1843 
1843 
1843 
1843 
1843 
1843 
1843 
1843 
1843 
1843 
1843 
1843 
1843 
1843 
1843 
1843 
1844 
1844 
1844 
1844 
1844 
1844 
1844 
1844 
1844 
1844 
1845 
1845 
1845 
1845 
1845 
1845 
1845 
1845 
1846 
1846 
1846 
1846 
1846 
1846 
1847 
1847 
1847 
1847 
1847 
1847 
1847 
1848 
1848 
1848 
1848 
1848 
1848 
1848 
1849 
1849 
1849 
1849 
1849 
1849 
1849 
1849 
1849 
1850 
1850 
1850 
1850 
1850 
1850 
1850 
1850 
1850 
1850 
1850 
1850 
1850 
1850 
1850 
1850 
1851 
1851 
1851 
1851 
1851 
1851 
1851 
1851 
1851 
1850 
1850 
1850 
1850 
1850 
1850 
1850 
1850 
1850 
1850 
1850 
1850 
1850 
1850 
1850 
1850 
1850 
1849 
1849 
1849 
1849 
1849 
1849 
1849 
1849 
1849 
1849 
1848 
1848 
1848 
1848 
1848 
1848 
1848 
1848 
1847 
1847 
1847 
1847 
1847 
1847 
1847 
1847 
1847 
1846 
1846 
1846 
1846 
1846 
1846 
1846 
1846 
1846 
1846 
1846 
1845 
1845 
1845 
1845 
1845 
1845 
1845 
1845 
1845 
1845 
1845 
1845 
1845 
1845 
1845 
1845 
1845 
1844 
1844 
1844 
1844 
1844 
1844 
1844 
1844 
1844 
1844 
1844 
1844 
1844 
1844 
1844 
1844 
1844 
1844 
1844 
1844 
1844 
1844 
1844 
1844 
1844 
1844 
1844 
1844 
1845 
1845 
1845 
1845 
1845 
1845 
1845 
1845 
1845 
1845 
1845 
1845 
1845 
1845 
1845 
1845 
1845 
1845 
1845 
1845 
1845 
1845 
1845 
1845 
1845 
1845 
1845 
1845 
1845 
1845 
1845 
1845 
1846 
1846 
1846 
1846 
1846 
1846 
1846 
1846 
1846 
1846 
1846 
1846 
1846 
1846 
1846 
1846 
1846 
1846 
1846 
1846 
1846 
1846 
1846 
1846 
1846 
1846 
1846 
1846 
1846 
1846 
1846 
1846 
1846 
1846 
1846 
1846 
1846 
1846 
1847 
1847 
1847 
1847 
1847 
1847 
1847 
1847 
1847 
1847 
1847 
1847 
1847 
1847 
1847 
1847 
1847 
1847 
1847 
1847 
1848 
1848 
1848 
1848 
1848 
1848 
1848 
1848 
1848 
1848 
1848 
1849 
1849 
1849 
1849 
1849 
1849 
1849 
1849 
1849 
1849 
1850 
1850 
1850 
1850 
1850 
1850 
1850 
1850 
1850 
1851 
1851 
1851 
1851 
1851 
1851 
1851 
1851 
1852 
1852 
1852 
1852 
1852 
1852 
1852 
1852 
1852 
1853 
1853 
1853 
1853 
1853 
1853 
1853 
1853 
1853 
1853 
1853 
1854 
1854 
1854 
1854 
1854 
1854 
1854 
1854 
1854 
1854 
1854 
1854 
1854 
1854 
1854 
1854 
1855 
1855 
1855 
1855 
1855 
1855 
1855 
1855 
1855 
1855 
1855 
1855 
1855 
1855 
1855 
1855 
1855 
1855 
1855 
1855 
1855 
1855 
1855 
1855 
1855 
1855 
1855 
1855 
1855 
1855 
1855 
1855 
1855 
1855 
1855 
1855 
1855 
1855 
1855 
1856 
1856 
1856 
1856 
1856 
1856 
1856 
1856 
1856 
1856 
1856 
1856 
1856 
1856 
1856 
1856 
1856 
1856 
1856 
1856 
1856 
1856 
1856 
1856 
1856 
1857 
1857 
1857 
1857 
1857 
1857 
1857 
1857 
1857 
1857 
1857 
1857 
1857 
1857 
1857 
1857 
1857 
1858 
1858 
1858 
1858 
1858 
1858 
1858 
1858 
1858 
1858 
1858 
1858 
1858 
1858 
1858 
1859 
1859 
1859 
1859 
1859 
1859 
1859 
1859 
1859 
1859 
1859 
1859 
1859 
1859 
1859 
1859 
1859 
1859 
1859 
1859 
1859 
1859 
1859 
1859 
1860 
1860 
1860 
1860 
1860 
1860 
1860 
1860 
1860 
1860 
1860 
1860 
1860 
1860 
1860 
1860 
1860 
1860 
1860 
1860 
1860 
1859 
1859 
1859 
1859 
1859 
1859 
1859 
1859 
1859 
1859 
1859 
1859 
1859 
1859 
1859 
1859 
1859 
1859 
1859 
1859 
1859 
1859 
1859 
1859 
1859 
1859 
1859 
1859 
1859 
1859 
1859 
1859 
1859 
1859 
1859 
1860 
1860 
1860 
1860 
1860 
1860 
1860 
1860 
1860 
1860 
1860 
1860 
1860 
1860 
1861 
1861 
1861 
1861 
1861 
1861 
1861 
1861 
1861 
1861 
1862 
1862 
1862 
1862 
1862 
1862 
1862 
1862 
1863 
1863 
1863 
1863 
1863 
1863 
1863 
1863 
1863 
1864 
1864 
1864 
1864 
1864 
1864 
1864 
1864 
1864 
1864 
1864 
1864 
1864 
1864 
1864 
1864 
1864 
1864 
1864 
1864 
1864 
1864 
1864 
1864 
1864 
1864 
1864 
1864 
1864 
1864 
1863 
1863 
1863 
1863 
1863 
1863 
1863 
1862 
1862 
1862 
1862 
1862 
1861 
1861 
1861 
1861 
1860 
1860 
1860 
1860 
1859 
1859 
1859 
1859 
1858 
1858 
1858 
1858 
1857 
1857 
1857 
1857 
1856 
1856 
1856 
1856 
1855 
1855 
1855 
1855 
1854 
1854 
1854 
1854 
1854 
1853 
1853 
1853 
1853 
1853 
1853 
1852 
1852 
1852 
1852 
1852 
1852 
1852 
1851 
1851 
1851 
1851 
1851 
1851 
1851 
1851 
1851 
1851 
1851 
1851 
1851 
1851 
1851 
1851 
1851 
1851 
1851 
1851 
1851 
1851 
1851 
1851 
1851 
1851 
1851 
1851 
1851 
1851 
1852 
1852 
1852 
1852 
1852 
1852 
1852 
1852 
1852 
1852 
1852 
1852 
1852 
1853 
1853 
1853 
1853 
1853 
1853 
1853 
1853 
1853 
1853 
1853 
1853 
1853 
1853 
1853 
1853 
1854 
1854 
1854 
1854 
1854 
1854 
1854 
1854 
1854 
1854 
1854 
1854 
1854 
1854 
1854 
1854 
1854 
1854 
1854 
1854 
1854 
1854 
1854 
1854 
1854 
1854 
1854 
1854 
1854 
1854 
1854 
1854 
1854 
1854 
1854 
1854 
1854 
1854 
1854 
1854 
1854 
1854 
1854 
1854 
1854 
1854 
1854 
1854 
1854 
1854 
1854 
1855 
1855 
1855 
1855 
1855 
1855 
1855 
1855 
1855 
1855 
1855 
1855 
1855 
1855 
1855 
1855 
1855 
1855 
1855 
1855 
1855 
1855 
1855 
1855 
1855 
1855 
1855 
1855 
1855 
1855 
1855 
1855 
1856 
1856 
1855 
1855 
1855 
1855 
1855 
1855 
1855 
1855 
1855 
1855 
1855 
1855 
1855 
1855 
1855 
1855 
1855 
1855 
1855 
1855 
1855 
1855 
1855 
1854 
1854 
1854 
1854 
1854 
1854 
1854 
1854 
1854 
1854 
1854 
1853 
1853 
1853 
1853 
1853 
1853 
1853 
1853 
1853 
1852 
1852 
1852 
1852 
1852 
1852 
1852 
1852 
1852 
1852 
1851 
1851 
1851 
1851 
1851 
1851 
1851 
1851 
1851 
1851 
1851 
1851 
1851 
1851 
1851 
1851 
1850 
1850 
1850 
1850 
1850 
1850 
1850 
1850 
1850 
1850 
1850 
1850 
1850 
1850 
1850 
1850 
1851 
1851 
1851 
1851 
1851 
1851 
1851 
1851 
1851 
1851 
1851 
1851 
1851 
1851 
1851 
1851 
1851 
1852 
1852 
1852 
1852 
1852 
1852 
1852 
1852 
1852 
1852 
1852 
1852 
1853 
1853 
1853 
1853 
1853 
1853 
1853 
1853 
1853 
1853 
1853 
1854 
1854 
1854 
1854 
1854 
1854 
1854 
1854 
1854 
1854 
1854 
1854 
1854 
1854 
1854 
1855 
1855 
1855 
1855 
1855 
1855 
1855 
1855 
1855 
1855 
1855 
1855 
1855 
1855 
1855 
1855 
1855 
1855 
1855 
1855 
1855 
1855 
1855 
1855 
1855 
1855 
1855 
1855 
1855 
1856 
1856 
1856 
1856 
1856 
1856 
1856 
1856 
1856 
1856 
1856 
1856 
1856 
1856 
1856 
1856 
1856 
1856 
1856 
1856 
1856 
1856 
1856 
1856 
1856 
1856 
1856 
1857 
1857 
1857 
1857 
1857 
1857 
1857 
1857 
1857 
1857 
1857 
1857 
1857 
1858 
1858 
1858 
1858 
1858 
1858 
1858 
1858 
1858 
1858 
1859 
1859 
1859 
1859 
1859 
1859 
1859 
1859 
1859 
1859 
1860 
1860 
1860 
1860 
1860 
1860 
1860 
1860 
1860 
1860 
1860 
1860 
1861 
1861 
1861 
1861 
1861 
1861 
1861 
1861 
1861 
1861 
1861 
1861 
1861 
1861 
1861 
1861 
1861 
1861 
1861 
1861 
1861 
1861 
1861 
1861 
