0 
0 
0 
0 
0 
0 
0 
0 
0 
0 
0 
0 
0 
0 
0 
0 
0 
0 
0 
0 
0 
0 
0 
0 
0 
0 
0 
0 
0 
0 
0 
0 
0 
0 
0 
0 
0 
0 
0 
0 
0 
0 
0 
0 
0 
0 
0 
0 
0 
0 
0 
0 
0 
0 
0 
0 
0 
0 
0 
0 
0 
0 
0 
0 
0 
0 
0 
0 
0 
0 
0 
0 
0 
0 
0 
0 
0 
0 
0 
0 
0 
0 
0 
0 
0 
0 
0 
0 
0 
0 
0 
0 
0 
0 
0 
0 
0 
0 
0 
0 
0 
0 
0 
0 
0 
0 
0 
0 
0 
0 
0 
0 
0 
0 
0 
0 
0 
0 
0 
0 
0 
0 
0 
0 
0 
0 
0 
0 
0 
0 
0 
0 
0 
0 
0 
0 
0 
0 
0 
0 
0 
0 
0 
0 
0 
0 
0 
0 
0 
0 
0 
0 
0 
0 
0 
0 
0 
0 
0 
0 
0 
0 
0 
0 
0 
0 
0 
0 
0 
0 
0 
0 
2 
11 
20 
30 
40 
49 
60 
70 
81 
91 
102 
113 
125 
136 
148 
160 
172 
185 
197 
210 
223 
236 
249 
263 
276 
290 
304 
318 
333 
347 
362 
377 
392 
407 
423 
438 
454 
470 
486 
502 
518 
534 
551 
567 
584 
601 
618 
635 
652 
670 
687 
705 
722 
740 
758 
776 
794 
812 
830 
848 
866 
884 
903 
921 
940 
958 
976 
995 
1013 
1032 
1051 
1069 
1088 
1106 
1125 
1143 
1162 
1181 
1199 
1218 
1236 
1254 
1273 
1291 
1309 
1328 
1346 
1364 
1382 
1400 
1418 
1436 
1453 
1471 
1489 
1506 
1524 
1541 
1558 
1575 
1592 
1609 
1625 
1642 
1658 
1675 
1691 
1707 
1723 
1738 
1754 
1769 
1785 
1800 
1815 
1830 
1844 
1859 
1873 
1887 
1901 
1915 
1928 
1942 
1955 
1968 
1981 
1993 
2006 
2018 
2030 
2042 
2053 
2065 
2076 
2087 
2098 
2109 
2119 
2129 
2139 
2149 
2159 
2168 
2177 
2186 
2195 
2204 
2212 
2220 
2228 
2236 
2243 
2251 
2258 
2265 
2272 
2278 
2284 
2291 
2296 
2302 
2308 
2313 
2318 
2323 
2328 
2333 
2337 
2341 
2345 
2349 
2353 
2356 
2360 
2363 
2366 
2369 
2371 
2374 
2376 
2378 
2380 
2382 
2384 
2385 
2387 
2388 
2389 
2390 
2391 
2392 
2392 
2393 
2393 
2393 
2393 
2393 
2393 
2393 
2392 
2392 
2391 
2391 
2390 
2389 
2388 
2387 
2386 
2385 
2384 
2382 
2381 
2379 
2378 
2376 
2375 
2373 
2371 
2369 
2367 
2365 
2363 
2361 
2359 
2357 
2355 
2353 
2351 
2348 
2346 
2344 
2341 
2339 
2337 
2334 
2332 
2330 
2327 
2325 
2323 
2320 
2318 
2315 
2313 
2310 
2308 
2306 
2303 
2301 
2299 
2296 
2294 
2292 
2289 
2287 
2285 
2283 
2280 
2278 
2276 
2274 
2272 
2270 
2268 
2266 
2263 
2262 
2260 
2258 
2256 
2254 
2252 
2250 
2248 
2247 
2245 
2243 
2242 
2240 
2238 
2237 
2235 
2234 
2232 
2231 
2229 
2228 
2227 
2225 
2224 
2223 
2221 
2220 
2219 
2218 
2217 
2216 
2214 
2213 
2212 
2211 
2210 
2209 
2208 
2207 
2207 
2206 
2205 
2204 
2203 
2202 
2201 
2201 
2200 
2199 
2198 
2197 
2197 
2196 
2195 
2195 
2194 
2193 
2192 
2192 
2191 
2190 
2190 
2190 
2190 
2190 
2191 
2191 
2192 
2193 
2194 
2195 
2195 
2196 
2197 
2198 
2199 
2199 
2199 
2199 
2200 
2200 
2200 
2200 
2201 
2201 
2201 
2201 
2202 
2202 
2202 
2202 
2203 
2203 
2203 
2204 
2204 
2204 
2204 
2205 
2205 
2205 
2206 
2206 
2206 
2206 
2207 
2207 
2207 
2208 
2208 
2208 
2209 
2209 
2209 
2210 
2210 
2210 
2211 
2211 
2211 
2212 
2212 
2212 
2212 
2213 
2213 
2213 
2214 
2214 
2214 
2215 
2215 
2215 
2216 
2216 
2216 
2217 
2217 
2217 
2217 
2218 
2218 
2218 
2219 
2219 
2219 
2220 
2220 
2220 
2220 
2221 
2221 
2221 
2221 
2222 
2222 
2222 
2222 
2223 
2223 
2223 
2223 
2224 
2224 
2224 
2224 
2224 
2225 
2225 
2225 
2225 
2225 
2225 
2226 
2226 
2226 
2226 
2226 
2226 
2226 
2227 
2227 
2227 
2227 
2227 
2227 
2227 
2227 
2227 
2227 
2227 
2227 
2227 
2227 
2227 
2227 
2227 
2227 
2227 
2227 
2227 
2227 
2227 
2227 
2227 
2227 
2227 
2227 
2226 
2226 
2226 
2226 
2226 
2226 
2226 
2225 
2225 
2225 
2225 
2225 
2225 
2224 
2224 
2224 
2224 
2223 
2223 
2223 
2223 
2222 
2222 
2222 
2222 
2221 
2221 
2221 
2220 
2220 
2220 
2219 
2219 
2219 
2218 
2218 
2217 
2217 
2217 
2216 
2216 
2216 
2215 
2215 
2214 
2214 
2213 
2213 
2213 
2212 
2212 
2211 
2211 
2210 
2210 
2209 
2209 
2209 
2208 
2208 
2207 
2207 
2206 
2206 
2205 
2205 
2204 
2204 
2203 
2203 
2202 
2202 
2201 
2201 
2200 
2200 
2199 
2199 
2198 
2198 
2197 
2197 
2196 
2196 
2195 
2195 
2194 
2194 
2193 
2193 
2192 
2192 
2191 
2191 
2190 
2190 
2189 
2189 
2188 
2188 
2188 
2187 
2187 
2186 
2186 
2185 
2185 
2184 
2184 
2183 
2183 
2183 
2182 
2182 
2181 
2181 
2181 
2180 
2180 
2179 
2179 
2179 
2178 
2178 
2178 
2177 
2177 
2177 
2176 
2176 
2176 
2175 
2175 
2175 
2174 
2174 
2174 
2173 
2173 
2173 
2173 
2172 
2172 
2172 
2172 
2171 
2171 
2171 
2171 
2170 
2170 
2170 
2170 
2170 
2170 
2169 
2169 
2169 
2169 
2169 
2169 
2168 
2168 
2168 
2168 
2168 
2168 
2168 
2168 
2167 
2167 
2167 
2167 
2167 
2167 
2167 
2167 
2167 
2167 
2167 
2167 
2167 
2167 
2167 
2167 
2167 
2167 
2167 
2167 
2167 
2167 
2167 
2167 
2167 
2167 
2167 
2167 
2167 
2167 
2167 
2167 
2167 
2167 
2167 
2167 
2167 
2167 
2167 
2167 
2167 
2167 
2168 
2168 
2168 
2168 
2168 
2168 
2168 
2168 
2168 
2168 
2168 
2168 
2168 
2169 
2169 
2169 
2169 
2169 
2169 
2169 
2169 
2169 
2169 
2169 
2170 
2170 
2170 
2170 
2170 
2170 
2170 
2170 
2170 
2170 
2170 
2171 
2171 
2171 
2171 
2171 
2171 
2171 
2171 
2171 
2171 
2171 
2172 
2172 
2172 
2172 
2172 
2172 
2172 
2172 
2172 
2172 
2172 
2172 
2172 
2173 
2173 
2173 
2173 
2173 
2173 
2173 
2173 
2173 
2173 
2173 
2173 
2173 
2173 
2173 
2173 
2173 
2173 
2174 
2174 
2174 
2174 
2174 
2174 
2174 
2174 
2174 
2174 
2174 
2174 
2174 
2174 
2174 
2174 
2174 
2174 
2174 
2174 
2174 
2174 
2174 
2174 
2174 
2174 
2174 
2174 
2174 
2174 
2174 
2174 
2174 
2175 
2175 
2175 
2175 
2175 
2175 
2175 
2175 
2175 
2175 
2175 
2175 
2175 
2175 
2175 
2175 
2175 
2175 
2175 
2175 
2175 
2175 
2175 
2175 
2175 
2175 
2175 
2175 
2175 
2175 
2175 
2175 
2175 
2175 
2175 
2175 
2175 
2175 
2175 
2175 
2175 
2175 
2175 
2175 
2175 
2175 
2175 
2175 
2175 
2175 
2175 
2176 
2176 
2176 
2176 
2176 
2176 
2176 
2176 
2176 
2176 
2176 
2176 
2176 
2176 
2176 
2176 
2176 
2176 
2176 
2176 
2176 
2176 
2176 
2176 
2176 
2176 
2177 
2177 
2177 
2177 
2177 
2177 
2177 
2177 
2177 
2177 
2177 
2177 
2177 
2177 
2177 
2177 
2177 
2177 
2177 
2178 
2178 
2178 
2178 
2178 
2178 
2178 
2178 
2178 
2178 
2178 
2178 
2178 
2178 
2178 
2178 
2178 
2179 
2179 
2179 
2179 
2179 
2179 
2179 
2179 
2179 
2179 
2179 
2179 
2179 
2179 
2179 
2179 
2180 
2180 
2180 
2180 
2180 
2180 
2180 
2180 
2180 
2180 
2180 
2180 
2180 
2180 
2180 
2181 
2181 
2181 
2181 
2181 
2181 
2181 
2181 
2181 
2181 
2181 
2181 
2181 
2181 
2181 
2181 
2182 
2182 
2182 
2182 
2182 
2182 
2182 
2182 
2182 
2182 
2182 
2182 
2182 
2182 
2182 
2182 
2182 
2182 
2182 
2183 
2183 
2183 
2183 
2183 
2183 
2183 
2183 
2183 
2183 
2183 
2183 
2183 
2183 
2183 
2183 
2183 
2183 
2183 
2183 
2183 
2183 
2183 
2183 
2183 
2183 
2183 
2183 
2183 
2184 
2184 
2184 
2184 
2184 
2184 
2184 
2184 
2184 
2184 
2184 
2184 
2184 
2184 
2184 
2184 
2184 
2184 
2184 
2184 
2184 
2184 
2183 
2183 
2183 
2183 
2183 
2183 
2183 
2183 
2183 
2183 
2183 
2183 
2183 
2183 
2183 
2183 
2183 
2183 
2183 
2183 
2182 
2182 
2182 
2182 
2182 
2182 
2182 
2182 
2182 
2182 
2182 
2181 
2181 
2181 
2181 
2181 
2181 
2181 
2180 
2180 
2180 
2180 
2180 
2180 
2179 
2179 
2179 
2179 
2179 
2178 
2178 
2178 
2178 
2178 
2177 
2177 
2177 
2177 
2177 
2176 
2176 
2176 
2176 
2175 
2175 
2175 
2174 
2174 
2174 
2174 
2173 
2173 
2173 
2172 
2172 
2172 
2171 
2171 
2171 
2170 
2170 
2170 
2169 
2169 
2169 
2168 
2168 
2168 
2167 
2167 
2166 
2166 
2166 
2165 
2165 
2164 
2164 
2164 
2163 
2163 
2162 
2162 
2162 
2161 
2161 
2160 
2160 
2159 
2159 
2159 
2158 
2158 
2157 
2157 
2156 
2156 
2156 
2155 
2155 
2154 
2154 
2153 
2153 
2152 
2152 
2151 
2151 
2150 
2150 
2150 
2149 
2149 
2148 
2148 
2147 
2147 
2146 
2146 
2145 
2145 
2145 
2144 
2144 
2143 
2143 
2142 
2142 
2142 
2141 
2141 
2140 
2140 
2139 
2139 
2139 
2138 
2138 
2137 
2137 
2137 
2136 
2136 
2135 
2135 
2135 
2134 
2134 
2133 
2133 
2133 
2132 
2132 
2132 
2131 
2131 
2131 
2130 
2130 
2130 
2129 
2129 
2129 
2129 
2128 
2128 
2128 
2128 
2127 
2127 
2127 
2127 
2126 
2126 
2126 
2126 
2125 
2125 
2125 
2125 
2125 
2124 
2124 
2124 
2124 
2124 
2124 
2124 
2123 
2123 
2123 
2123 
2123 
2123 
2123 
2123 
2123 
2123 
2122 
2122 
2122 
2122 
2122 
2122 
2122 
2122 
2122 
2122 
2122 
2122 
2122 
2122 
2122 
2122 
2122 
2122 
2122 
2122 
2122 
2123 
2123 
2123 
2123 
2123 
2123 
2123 
2123 
2123 
2123 
2123 
2123 
2124 
2124 
2124 
2124 
2124 
2124 
2124 
2124 
2125 
2125 
2125 
2125 
2125 
2125 
2125 
2126 
2126 
2126 
2126 
2126 
2126 
2127 
2127 
2127 
2127 
2127 
2127 
2128 
2128 
2128 
2128 
2128 
2128 
2129 
2129 
2129 
2129 
2129 
2130 
2130 
2130 
2130 
2130 
2130 
2131 
2131 
2131 
2131 
2131 
2132 
2132 
2132 
2132 
2132 
2132 
2133 
2133 
2133 
2133 
2133 
2133 
2134 
2134 
2134 
2134 
2134 
2134 
2135 
2135 
2135 
2135 
2135 
2135 
2135 
2135 
2136 
2136 
2136 
2136 
2136 
2136 
2136 
2136 
2137 
2137 
2137 
2137 
2137 
2137 
2137 
2137 
2137 
2138 
2138 
2138 
2138 
2138 
2138 
2138 
2138 
2138 
2138 
2138 
2138 
2139 
2139 
2139 
2139 
2139 
2139 
2139 
2139 
2139 
2139 
2139 
2139 
2139 
2139 
2139 
2139 
2139 
2139 
2139 
2140 
2140 
2140 
2140 
2140 
2140 
2140 
2140 
2140 
2140 
2140 
2140 
2140 
2140 
2140 
2140 
2140 
2140 
2140 
2140 
2140 
2140 
2140 
2140 
2140 
2140 
2140 
2140 
2140 
2140 
2140 
2140 
2140 
2140 
2140 
2140 
2140 
2140 
2140 
2140 
2140 
2140 
2140 
2140 
2140 
2140 
2140 
2140 
2140 
2140 
2140 
2140 
2140 
2140 
2140 
2140 
2140 
2140 
2140 
2140 
2140 
2140 
2140 
2140 
2140 
2140 
2141 
2141 
2141 
2141 
2141 
2141 
2141 
2141 
2141 
2141 
2141 
2141 
2141 
2141 
2141 
2141 
2141 
2141 
2141 
2141 
2141 
2141 
2141 
2141 
2141 
2141 
2141 
2141 
2142 
2142 
2142 
2142 
2142 
2142 
2142 
2142 
2142 
2142 
2142 
2142 
2142 
2142 
2142 
2142 
2142 
2142 
2143 
2143 
2143 
2143 
2143 
2143 
2143 
2143 
2143 
2143 
2143 
2143 
2143 
2143 
2143 
2144 
2144 
2144 
2144 
2144 
2144 
2144 
2144 
2144 
2144 
2144 
2144 
2144 
2144 
2144 
2145 
2145 
2145 
2145 
2145 
2145 
2145 
2145 
2145 
2145 
2145 
2145 
2145 
2145 
2146 
2146 
2146 
2146 
2146 
2146 
2146 
2146 
2146 
2146 
2146 
2146 
2146 
2147 
2147 
2147 
2147 
2147 
2147 
2147 
2147 
2147 
2147 
2147 
2147 
2148 
2148 
2148 
2148 
2148 
2148 
2148 
2148 
2148 
2148 
2148 
2148 
2149 
2149 
2149 
2149 
2149 
2149 
2149 
2149 
2149 
2149 
2149 
2150 
2150 
2150 
2150 
2150 
2150 
2150 
2150 
2150 
2150 
2150 
2151 
2151 
2151 
2151 
2151 
2151 
2151 
2151 
2151 
2151 
2151 
2152 
2152 
2152 
2152 
2152 
2152 
2152 
2152 
2152 
2152 
2153 
2153 
2153 
2153 
2153 
2153 
2153 
2153 
2153 
2153 
2153 
2154 
2154 
2154 
2154 
2154 
2154 
2154 
2154 
2154 
2154 
2154 
2154 
2155 
2155 
2155 
2155 
2155 
2155 
2155 
2155 
2155 
2155 
2155 
2155 
2155 
2155 
2155 
2156 
2156 
2156 
2156 
2156 
2156 
2156 
2156 
2156 
2156 
2156 
2156 
2156 
2156 
2156 
2156 
2156 
2156 
2156 
2156 
2156 
2156 
2156 
2156 
2156 
2156 
2156 
2156 
2156 
2156 
2156 
2156 
2156 
2156 
2156 
2156 
2155 
2155 
2155 
2155 
2155 
2155 
2155 
2155 
2155 
2155 
2155 
2154 
2154 
2154 
2154 
2154 
2154 
2154 
2153 
2153 
2153 
2153 
2153 
2152 
2152 
2152 
2152 
2152 
2151 
2151 
2151 
2151 
2151 
2150 
2150 
2150 
2149 
2149 
2149 
2149 
2148 
2148 
2148 
2147 
2147 
2147 
2146 
2146 
2146 
2145 
2145 
2145 
2144 
2144 
2144 
2143 
2143 
2143 
2142 
2142 
2141 
2141 
2140 
2140 
2140 
2139 
2139 
2138 
2138 
2137 
2137 
2137 
2136 
2136 
2135 
2135 
2134 
2134 
2133 
2133 
2132 
2132 
2131 
2131 
2130 
2130 
2129 
2129 
2128 
2128 
2127 
2127 
2126 
2126 
2125 
2125 
2124 
2124 
2123 
2123 
2122 
2121 
2121 
2120 
2120 
2119 
2119 
2118 
2118 
2117 
2117 
2116 
2116 
2115 
2115 
2114 
2113 
2113 
2112 
2112 
2111 
2111 
2110 
2110 
2109 
2109 
2108 
2108 
2107 
2107 
2106 
2106 
2105 
2105 
2104 
2104 
2103 
2103 
2103 
2102 
2102 
2101 
2101 
2100 
2100 
2099 
2099 
2099 
2098 
2098 
2097 
2097 
2096 
2096 
2096 
2095 
2095 
2095 
2094 
2094 
2094 
2093 
2093 
2092 
2092 
2092 
2092 
2091 
2091 
2091 
2090 
2090 
2090 
2090 
2089 
2089 
2089 
2088 
2088 
2088 
2088 
2088 
2087 
2087 
2087 
2087 
2087 
2086 
2086 
2086 
2086 
2086 
2086 
2085 
2085 
2085 
2085 
2085 
2085 
2085 
2085 
2084 
2084 
2084 
2084 
2084 
2084 
2084 
2084 
2084 
2084 
2084 
2084 
2084 
2084 
2084 
2084 
2084 
2084 
2084 
2084 
2084 
2084 
2084 
2084 
2084 
2084 
2084 
2084 
2084 
2084 
2084 
2084 
2084 
2084 
2084 
2084 
2084 
2084 
2084 
2084 
2084 
2084 
2085 
2085 
2085 
2085 
2085 
2085 
2085 
2085 
2085 
2085 
2085 
2085 
2085 
2086 
2086 
2086 
2086 
2086 
2086 
2086 
2086 
2086 
2086 
2086 
2087 
2087 
2087 
2087 
2087 
2087 
2087 
2087 
2087 
2087 
2087 
2087 
2088 
2088 
2088 
2088 
2088 
2088 
2088 
2088 
2088 
2088 
2088 
2088 
2088 
2089 
2089 
2089 
2089 
2089 
2089 
2089 
2089 
2089 
2089 
2089 
2089 
2089 
2089 
2089 
2089 
2089 
2090 
2090 
2090 
2090 
2090 
2090 
2090 
2090 
2090 
2090 
2090 
2090 
2090 
2090 
2090 
2090 
2090 
2090 
2090 
2090 
2090 
2090 
2090 
2090 
2090 
2090 
2090 
2090 
2090 
2090 
2090 
2090 
2090 
2090 
2090 
2090 
2090 
2091 
2091 
2091 
2091 
2091 
2091 
2091 
2091 
2091 
2091 
2091 
2091 
2091 
2091 
2091 
2091 
2091 
2091 
2091 
2091 
2091 
2091 
2091 
2091 
2091 
2091 
2091 
2091 
2091 
2091 
2091 
2091 
2091 
2091 
2091 
2091 
2091 
2091 
2091 
2091 
2091 
2091 
2091 
2091 
2091 
2091 
2091 
2091 
2091 
2091 
2092 
2092 
2092 
2092 
2092 
2092 
2092 
2092 
2092 
2092 
2092 
2092 
2092 
2092 
2092 
2092 
2093 
2093 
2093 
2093 
2093 
2093 
2093 
2093 
2093 
2093 
2093 
2093 
2094 
2094 
2094 
2094 
2094 
2094 
2094 
2094 
2094 
2094 
2095 
2095 
2095 
2095 
2095 
2095 
2095 
2095 
2096 
2096 
2096 
2096 
2096 
2096 
2096 
2096 
2097 
2097 
2097 
2097 
2097 
2097 
2097 
2097 
2098 
2098 
2098 
2098 
2098 
2098 
2098 
2099 
2099 
2099 
2099 
2099 
2099 
2099 
2100 
2100 
2100 
2100 
2100 
2100 
2100 
2101 
2101 
2101 
2101 
2101 
2101 
2101 
2102 
2102 
2102 
2102 
2102 
2102 
2102 
2103 
2103 
2103 
2103 
2103 
2103 
2103 
2104 
2104 
2104 
2104 
2104 
2104 
2104 
2105 
2105 
2105 
2105 
2105 
2105 
2105 
2106 
2106 
2106 
2106 
2106 
2106 
2107 
2107 
2107 
2107 
2107 
2107 
2107 
2108 
2108 
2108 
2108 
2108 
2108 
2108 
2108 
2109 
2109 
2109 
2109 
2109 
2109 
2109 
2110 
2110 
2110 
2110 
2110 
2110 
2110 
2111 
2111 
2111 
2111 
2111 
2111 
2111 
2111 
2112 
2112 
2112 
2112 
2112 
2112 
2112 
2112 
2113 
2113 
2113 
2113 
2113 
2113 
2113 
2113 
2114 
2114 
2114 
2114 
2114 
2114 
2114 
2114 
2115 
2115 
2115 
2115 
2115 
2115 
2115 
2115 
2115 
2116 
2116 
2116 
2116 
2116 
2116 
2116 
2116 
2116 
2116 
2116 
2117 
2117 
2117 
2117 
2117 
2117 
2117 
2117 
2117 
2117 
2117 
2117 
2118 
2118 
2118 
2118 
2118 
2118 
2118 
2118 
2118 
2118 
2118 
2118 
2118 
2118 
2118 
2118 
2118 
2118 
2118 
2118 
2118 
2118 
2118 
2118 
2118 
2118 
2118 
2118 
2118 
2118 
2118 
2118 
2118 
2118 
2118 
2118 
2118 
2118 
2118 
2118 
2118 
2118 
2118 
2118 
2118 
2117 
2117 
2117 
2117 
2117 
2117 
2117 
2117 
2116 
2116 
2116 
2116 
2116 
2116 
2116 
2115 
2115 
2115 
2115 
2115 
2114 
2114 
2114 
2114 
2114 
2113 
2113 
2113 
2113 
2112 
2112 
2112 
2112 
2111 
2111 
2111 
2111 
2110 
2110 
2110 
2109 
2109 
2109 
2108 
2108 
2108 
2107 
2107 
2107 
2106 
2106 
2106 
2105 
2105 
2104 
2104 
2104 
2103 
2103 
2102 
2102 
2102 
2101 
2101 
2100 
2100 
2099 
2099 
2099 
2098 
2098 
2097 
2097 
2096 
2096 
2095 
2095 
2095 
2094 
2094 
2093 
2093 
2092 
2092 
2091 
2091 
2090 
2090 
2089 
2089 
2088 
2088 
2087 
2087 
2086 
2086 
2085 
2085 
2084 
2084 
2083 
2083 
2082 
2082 
2081 
2081 
2081 
2080 
2080 
2079 
2079 
2078 
2078 
2077 
2077 
2076 
2076 
2075 
2075 
2074 
2074 
2074 
2073 
2073 
2072 
2072 
2071 
2071 
2071 
2070 
2070 
2069 
2069 
2068 
2068 
2068 
2067 
2067 
2067 
2066 
2066 
2065 
2065 
2065 
2064 
2064 
2064 
2063 
2063 
2063 
2062 
2062 
2062 
2062 
2061 
2061 
2061 
2060 
2060 
2060 
2060 
2059 
2059 
2059 
2059 
2058 
2058 
2058 
2058 
2058 
2057 
2057 
2057 
2057 
2057 
2057 
2057 
2056 
2056 
2056 
2056 
2056 
2056 
2056 
2056 
2056 
2055 
2055 
2055 
2055 
2055 
2055 
2055 
2055 
2055 
2055 
2055 
2055 
2055 
2055 
2055 
2055 
2055 
2055 
2055 
2055 
2055 
2055 
2055 
2055 
2055 
2055 
2055 
2055 
2056 
2056 
2056 
2056 
2056 
2056 
2056 
2056 
2056 
2056 
2056 
2057 
2057 
2057 
2057 
2057 
2057 
2057 
2057 
2058 
2058 
2058 
2058 
2058 
2058 
2058 
2059 
2059 
2059 
2059 
2059 
2059 
2060 
2060 
2060 
2060 
2060 
2060 
2061 
2061 
2061 
2061 
2061 
2061 
2062 
2062 
2062 
2062 
2062 
2062 
2063 
2063 
2063 
2063 
2063 
2063 
2064 
2064 
2064 
2064 
2064 
2064 
2065 
2065 
2065 
2065 
2065 
2065 
2066 
2066 
2066 
2066 
2066 
2066 
2067 
2067 
2067 
2067 
2067 
2067 
2067 
2068 
2068 
2068 
2068 
2068 
2068 
2068 
2069 
2069 
2069 
2069 
2069 
2069 
2069 
2070 
2070 
2070 
2070 
2070 
2070 
2070 
2070 
2071 
2071 
2071 
2071 
2071 
2071 
2071 
2071 
2072 
2072 
2072 
2072 
2072 
2072 
2072 
2072 
2072 
2073 
2073 
2073 
2073 
2073 
2073 
2073 
2073 
2073 
2074 
2074 
2074 
2074 
2074 
2074 
2074 
2074 
2074 
2074 
2075 
2075 
2075 
2075 
2075 
2075 
2075 
2075 
2075 
2075 
2076 
2076 
2076 
2076 
2076 
2076 
2076 
2076 
2076 
2076 
2077 
2077 
2077 
2077 
2077 
2077 
2077 
2077 
2077 
2078 
2078 
2078 
2078 
2078 
2078 
2078 
2078 
2079 
2079 
2079 
2079 
2079 
2079 
2079 
2079 
2080 
2080 
2080 
2080 
2080 
2080 
2080 
2081 
2081 
2081 
2081 
2081 
2081 
2081 
2082 
2082 
2082 
2082 
2082 
2082 
2083 
2083 
2083 
2083 
2083 
2083 
2084 
2084 
2084 
2084 
2084 
2084 
2085 
2085 
2085 
2085 
2085 
2085 
2086 
2086 
2086 
2086 
2086 
2087 
2087 
2087 
2087 
2087 
2088 
2088 
2088 
2088 
2088 
2089 
2089 
2089 
2089 
2089 
2090 
2090 
2090 
2090 
2090 
2091 
2091 
2091 
2091 
2091 
2092 
2092 
2092 
2092 
2092 
2093 
2093 
2093 
2093 
2094 
2094 
2094 
2094 
2094 
2095 
2095 
2095 
2095 
2096 
2096 
2096 
2096 
2096 
2097 
2097 
2097 
2097 
2097 
2098 
2098 
2098 
2098 
2099 
2099 
2099 
2099 
2099 
2100 
2100 
2100 
2100 
2101 
2101 
2101 
2101 
2101 
2102 
2102 
2102 
2102 
2103 
2103 
2103 
2103 
2103 
2104 
2104 
2104 
2104 
2105 
2105 
2105 
2105 
2105 
2106 
2106 
2106 
2106 
2107 
2107 
2107 
2107 
2107 
2108 
2108 
2108 
2108 
2108 
2109 
2109 
2109 
2109 
2110 
2110 
2110 
2110 
2110 
2111 
2111 
2111 
2111 
2111 
2112 
2112 
2112 
2112 
2112 
2113 
2113 
2113 
2113 
2113 
2113 
2114 
2114 
2114 
2114 
2114 
2115 
2115 
2115 
2115 
2115 
2115 
2116 
2116 
2116 
2116 
2116 
2116 
2117 
2117 
2117 
2117 
2117 
2117 
2118 
2118 
2118 
2118 
2118 
2118 
2118 
2119 
2119 
2119 
2119 
2119 
2119 
2119 
2119 
2119 
2120 
2120 
2120 
2120 
2120 
2120 
2120 
2120 
2120 
2120 
2120 
2120 
2120 
2121 
2121 
2121 
2121 
2121 
2121 
2121 
2121 
2121 
2121 
2121 
2121 
2121 
2121 
2121 
2121 
2121 
2121 
2121 
2121 
2121 
2121 
2121 
2121 
2121 
2121 
2121 
2120 
2120 
2120 
2120 
2120 
2120 
2120 
2120 
2120 
2120 
2119 
2119 
2119 
2119 
2119 
2119 
2119 
2118 
2118 
2118 
2118 
2118 
2117 
2117 
2117 
2117 
2117 
2116 
2116 
2116 
2116 
2115 
2115 
2115 
2114 
2114 
2114 
2114 
2113 
2113 
2113 
2112 
2112 
2112 
2111 
2111 
2111 
2110 
2110 
2109 
2109 
2109 
2108 
2108 
2107 
2107 
2107 
2106 
2106 
2105 
2105 
2104 
2104 
2103 
2103 
2102 
2102 
2101 
2101 
2100 
2100 
2099 
2099 
2098 
2098 
2097 
2097 
2096 
2096 
2095 
2094 
2094 
2093 
2093 
2092 
2092 
2091 
2090 
2090 
2089 
2088 
2088 
2087 
2087 
2086 
2085 
2085 
2084 
2083 
2083 
2082 
2081 
2081 
2080 
2079 
2079 
2078 
2077 
2077 
2076 
2075 
2075 
2074 
2073 
2073 
2072 
2071 
2071 
2070 
2069 
2069 
2068 
2067 
2067 
2066 
2065 
2065 
2064 
2063 
2062 
2062 
2061 
2060 
2060 
2059 
2058 
2058 
2057 
2056 
2056 
2055 
2054 
2054 
2053 
2052 
2052 
2051 
2050 
2050 
2049 
2049 
2048 
2047 
2047 
2046 
2045 
2045 
2044 
2044 
2043 
2042 
2042 
2041 
2041 
2040 
2039 
2039 
2038 
2038 
2037 
2037 
2036 
2036 
2035 
2035 
2034 
2034 
2033 
2033 
2032 
2032 
2031 
2031 
2030 
2030 
2029 
2029 
2028 
2028 
2028 
2027 
2027 
2026 
2026 
2026 
2025 
2025 
2024 
2024 
2024 
2023 
2023 
2023 
2022 
2022 
2022 
2021 
2021 
2021 
2021 
2020 
2020 
2020 
2020 
2019 
2019 
2019 
2019 
2018 
2018 
2018 
2018 
2018 
2018 
2017 
2017 
2017 
2017 
2017 
2017 
2017 
2016 
2016 
2016 
2016 
2016 
2016 
2016 
2016 
2016 
2016 
2016 
2016 
2016 
2015 
2015 
2015 
2015 
2015 
2015 
2015 
2015 
2015 
2015 
2015 
2016 
2016 
2016 
2016 
2016 
2016 
2016 
2016 
2016 
2016 
2016 
2016 
2016 
2016 
2017 
2017 
2017 
2017 
2017 
2017 
2017 
2017 
2017 
2018 
2018 
2018 
2018 
2018 
2018 
2019 
2019 
2019 
2019 
2019 
2019 
2020 
2020 
2020 
2020 
2020 
2020 
2021 
2021 
2021 
2021 
2021 
2022 
2022 
2022 
2022 
2023 
2023 
2023 
2023 
2023 
2024 
2024 
2024 
2024 
2024 
2025 
2025 
2025 
2025 
2026 
2026 
2026 
2026 
2027 
2027 
2027 
2027 
2028 
2028 
2028 
2028 
2028 
2029 
2029 
2029 
2029 
2030 
2030 
2030 
2030 
2031 
2031 
2031 
2031 
2032 
2032 
2032 
2032 
2033 
2033 
2033 
2033 
2034 
2034 
2034 
2034 
2035 
2035 
2035 
2035 
2036 
2036 
2036 
2036 
2037 
2037 
2037 
2037 
2038 
2038 
2038 
2038 
2039 
2039 
2039 
2039 
2039 
2040 
2040 
2040 
2040 
2041 
2041 
2041 
2041 
2042 
2042 
2042 
2042 
2042 
2043 
2043 
2043 
2043 
2044 
2044 
2044 
2044 
2045 
2045 
2045 
2045 
2045 
2046 
2046 
2046 
2046 
2047 
2047 
2047 
2047 
2047 
2048 
2048 
2048 
2048 
2048 
2049 
2049 
2049 
2049 
2050 
2050 
2050 
2050 
2050 
2051 
2051 
2051 
2051 
2051 
2052 
2052 
2052 
2052 
2052 
2053 
2053 
2053 
2053 
2054 
2054 
2054 
2054 
2054 
2055 
2055 
2055 
2055 
2055 
2056 
2056 
2056 
2056 
2056 
2057 
2057 
2057 
2057 
2057 
2058 
2058 
2058 
2058 
2058 
2059 
2059 
2059 
2059 
2059 
2060 
2060 
2060 
2060 
2060 
2061 
2061 
2061 
2061 
2061 
2062 
2062 
2062 
2062 
2062 
2063 
2063 
2063 
2063 
2063 
2063 
2064 
2064 
2064 
2064 
2064 
2065 
2065 
2065 
2065 
2065 
2065 
2066 
2066 
2066 
2066 
2066 
2066 
2067 
2067 
2067 
2067 
2067 
2067 
2068 
2068 
2068 
2068 
2068 
2068 
2068 
2069 
2069 
2069 
2069 
2069 
2069 
2069 
2070 
2070 
2070 
2070 
2070 
2070 
2070 
2070 
2070 
2071 
2071 
2071 
2071 
2071 
2071 
2071 
2071 
2071 
2071 
2071 
2072 
2072 
2072 
2072 
2072 
2072 
2072 
2072 
2072 
2072 
2072 
2072 
2072 
2072 
2072 
2072 
2072 
2072 
2072 
2072 
2072 
2072 
2072 
2072 
2072 
2072 
2072 
2072 
2072 
2072 
2072 
2072 
2072 
2072 
2071 
2071 
2071 
2071 
2071 
2071 
2071 
2071 
2071 
2071 
2070 
2070 
2070 
2070 
2070 
2070 
2069 
2069 
2069 
2069 
2069 
2069 
2068 
2068 
2068 
2068 
2068 
2067 
2067 
2067 
2067 
2066 
2066 
2066 
2066 
2065 
2065 
2065 
2064 
2064 
2064 
2064 
2063 
2063 
2063 
2062 
2062 
2062 
2061 
2061 
2061 
2060 
2060 
2060 
2059 
2059 
2059 
2058 
2058 
2057 
2057 
2057 
2056 
2056 
2056 
2055 
2055 
2054 
2054 
2054 
2053 
2053 
2052 
2052 
2052 
2051 
2051 
2050 
2050 
2049 
2049 
2049 
2048 
2048 
2047 
2047 
2046 
2046 
2045 
2045 
2045 
2044 
2044 
2043 
2043 
2042 
2042 
2042 
2041 
2041 
2040 
2040 
2039 
2039 
2039 
2038 
2038 
2037 
2037 
2036 
2036 
2036 
2035 
2035 
2034 
2034 
2034 
2033 
2033 
2032 
2032 
2032 
2031 
2031 
2030 
2030 
2030 
2029 
2029 
2029 
2028 
2028 
2027 
2027 
2027 
2026 
2026 
2026 
2025 
2025 
2025 
2025 
2024 
2024 
2024 
2023 
2023 
2023 
2022 
2022 
2022 
2022 
2021 
2021 
2021 
2021 
2020 
2020 
2020 
2020 
2020 
2019 
2019 
2019 
2019 
2019 
2018 
2018 
2018 
2018 
2018 
2018 
2017 
2017 
2017 
2017 
2017 
2017 
2017 
2016 
2016 
2016 
2016 
2016 
2016 
2016 
2016 
2016 
2016 
2016 
2016 
2015 
2015 
2015 
2015 
2015 
2015 
2015 
2015 
2015 
2015 
2015 
2015 
2015 
2015 
2015 
2015 
2015 
2015 
2015 
2015 
2015 
2015 
2015 
2015 
2015 
2015 
2015 
2015 
2015 
2015 
2016 
2016 
2016 
2016 
2016 
2016 
2016 
2016 
2016 
2016 
2016 
2016 
2016 
2016 
2016 
2016 
2016 
2017 
2017 
2017 
2017 
2017 
2017 
2017 
2017 
2017 
2017 
2017 
2017 
2017 
2017 
2018 
2018 
2018 
2018 
2018 
2018 
2018 
2018 
2018 
2018 
2018 
2018 
2018 
2018 
2019 
2019 
2019 
2019 
2019 
2019 
2019 
2019 
2019 
2019 
2019 
2019 
2019 
2019 
2019 
2019 
2019 
2019 
2020 
2020 
2020 
2020 
2020 
2020 
2020 
2020 
2020 
2020 
2020 
2020 
2020 
2020 
2020 
2020 
2020 
2020 
2020 
2020 
2020 
2020 
2020 
2020 
2020 
2020 
2020 
2020 
2020 
2020 
2020 
2020 
2020 
2020 
2020 
2020 
2020 
2020 
2020 
2020 
2020 
2020 
2020 
2020 
2020 
2020 
2020 
2020 
2020 
2020 
2020 
2020 
2020 
2020 
2020 
2020 
2020 
2020 
2020 
2020 
2020 
2020 
2020 
2020 
2020 
2020 
2020 
2020 
2020 
2020 
2020 
2020 
2020 
2020 
2020 
2020 
2020 
2020 
2020 
2020 
2020 
2020 
2020 
2020 
2020 
2020 
2020 
2020 
2020 
2020 
2020 
2020 
2020 
2020 
2020 
2020 
2020 
2020 
2020 
2020 
2020 
2020 
2020 
2021 
2021 
2021 
2021 
2021 
2021 
2021 
2021 
2021 
2021 
2021 
2021 
2021 
2021 
2021 
2021 
2021 
2021 
2021 
2021 
2021 
2021 
2022 
2022 
2022 
2022 
2022 
2022 
2022 
2022 
2022 
2022 
2022 
2022 
2022 
2023 
2023 
2023 
2023 
2023 
2023 
2023 
2023 
2023 
2023 
2023 
2024 
2024 
2024 
2024 
2024 
2024 
2024 
2024 
2024 
2024 
2025 
2025 
2025 
2025 
2025 
2025 
2025 
2025 
2026 
2026 
2026 
2026 
2026 
2026 
2026 
2026 
2027 
2027 
2027 
2027 
2027 
2027 
2027 
2027 
2028 
2028 
2028 
2028 
2028 
2028 
2028 
2029 
2029 
2029 
2029 
2029 
2029 
2030 
2030 
2030 
2030 
2030 
2030 
2031 
2031 
2031 
2031 
2031 
2031 
2032 
2032 
2032 
2032 
2032 
2032 
2033 
2033 
2033 
2033 
2033 
2033 
2034 
2034 
2034 
2034 
2034 
2034 
2035 
2035 
2035 
2035 
2035 
2035 
2036 
2036 
2036 
2036 
2036 
2037 
2037 
2037 
2037 
2037 
2037 
2038 
2038 
2038 
2038 
2038 
2039 
2039 
2039 
2039 
2039 
2039 
2040 
2040 
2040 
2040 
2040 
2040 
2041 
2041 
2041 
2041 
2041 
2042 
2042 
2042 
2042 
2042 
2042 
2043 
2043 
2043 
2043 
2043 
2043 
2044 
2044 
2044 
2044 
2044 
2044 
2045 
2045 
2045 
2045 
2045 
2045 
2046 
2046 
2046 
2046 
2046 
2046 
2046 
2047 
2047 
2047 
2047 
2047 
2047 
2047 
2047 
2048 
2048 
2048 
2048 
2048 
2048 
2048 
2048 
2049 
2049 
2049 
2049 
2049 
2049 
2049 
2049 
2049 
2049 
2049 
2049 
2049 
2050 
2050 
2050 
2050 
2050 
2050 
2050 
2050 
2050 
2050 
2050 
2050 
2050 
2050 
2050 
2050 
2050 
2050 
2050 
2050 
2050 
2050 
2050 
2050 
2050 
2050 
2050 
2050 
2050 
2050 
2049 
2049 
2049 
2049 
2049 
2049 
2049 
2049 
2049 
2049 
2049 
2048 
2048 
2048 
2048 
2048 
2048 
2048 
2047 
2047 
2047 
2047 
2047 
2047 
2046 
2046 
2046 
2046 
2046 
2045 
2045 
2045 
2045 
2044 
2044 
2044 
2044 
2044 
2043 
2043 
2043 
2043 
2042 
2042 
2042 
2041 
2041 
2041 
2041 
2040 
2040 
2040 
2039 
2039 
2039 
2039 
2038 
2038 
2038 
2037 
2037 
2037 
2036 
2036 
2036 
2035 
2035 
2035 
2034 
2034 
2034 
2033 
2033 
2033 
2032 
2032 
2032 
2031 
2031 
2031 
2030 
2030 
2030 
2029 
2029 
2029 
2028 
2028 
2028 
2027 
2027 
2027 
2026 
2026 
2026 
2025 
2025 
2025 
2024 
2024 
2024 
2023 
2023 
2023 
2022 
2022 
2022 
2021 
2021 
2021 
2020 
2020 
2020 
2019 
2019 
2019 
2019 
2018 
2018 
2018 
2017 
2017 
2017 
2017 
2016 
2016 
2016 
2016 
2015 
2015 
2015 
2015 
2014 
2014 
2014 
2014 
2014 
2013 
2013 
2013 
2013 
2013 
2012 
2012 
2012 
2012 
2012 
2012 
2011 
2011 
2011 
2011 
2011 
2011 
2011 
2010 
2010 
2010 
2010 
2010 
2010 
2010 
2010 
2010 
2009 
2009 
2009 
2009 
2009 
2009 
2009 
2009 
2009 
2009 
2009 
2009 
2009 
2009 
2009 
2009 
2009 
2009 
2009 
2009 
2009 
2009 
2009 
2009 
2009 
2009 
2009 
2009 
2009 
2009 
2009 
2009 
2009 
2009 
2009 
2009 
2009 
2009 
2009 
2009 
2009 
2009 
2009 
2009 
2009 
2010 
2010 
2010 
2010 
2010 
2010 
2010 
2010 
2010 
2010 
2010 
2010 
2010 
2010 
2011 
2011 
2011 
2011 
2011 
2011 
2011 
2011 
2011 
2011 
2011 
2011 
2012 
2012 
2012 
2012 
2012 
2012 
2012 
2012 
2012 
2012 
2012 
2013 
2013 
2013 
2013 
2013 
2013 
2013 
2013 
2013 
2013 
2013 
2013 
2013 
2014 
2014 
2014 
2014 
2014 
2014 
2014 
2014 
2014 
2014 
2014 
2014 
2014 
2014 
2015 
2015 
2015 
2015 
2015 
2015 
2015 
2015 
2015 
2015 
2015 
2015 
2015 
2015 
2015 
2015 
2015 
2015 
2016 
2016 
2016 
2016 
2016 
2016 
2016 
2016 
2016 
2016 
2016 
2016 
2016 
2016 
2016 
2016 
2016 
2016 
2016 
2017 
2017 
2017 
2017 
2017 
2017 
2017 
2017 
2017 
2017 
2017 
2017 
2017 
2017 
2017 
2017 
2017 
2018 
2018 
2018 
2018 
2018 
2018 
2018 
2018 
2018 
2018 
2018 
2018 
2018 
2018 
2018 
2019 
2019 
2019 
2019 
2019 
2019 
2019 
2019 
2019 
2019 
2019 
2019 
2020 
2020 
2020 
2020 
2020 
2020 
2020 
2020 
2020 
2020 
2021 
2021 
2021 
2021 
2021 
2021 
2021 
2021 
2022 
2022 
2022 
2022 
2022 
2022 
2022 
2023 
2023 
2023 
2023 
2023 
2023 
2023 
2024 
2024 
2024 
2024 
2024 
2024 
2025 
2025 
2025 
2025 
2025 
2025 
2026 
2026 
2026 
2026 
2026 
2026 
2027 
2027 
2027 
2027 
2027 
2028 
2028 
2028 
2028 
2028 
2029 
2029 
2029 
2029 
2029 
2030 
2030 
2030 
2030 
2030 
2031 
2031 
2031 
2031 
2031 
2032 
2032 
2032 
2032 
2033 
2033 
2033 
2033 
2033 
2034 
2034 
2034 
2034 
2034 
2035 
2035 
2035 
2035 
2036 
2036 
2036 
2036 
2036 
2037 
2037 
2037 
2037 
2037 
2038 
2038 
2038 
2038 
2038 
2039 
2039 
2039 
2039 
2040 
2040 
2040 
2040 
2040 
2041 
2041 
2041 
2041 
2041 
2042 
2042 
2042 
2042 
2042 
2043 
2043 
2043 
2043 
2043 
2043 
2044 
2044 
2044 
2044 
2044 
2045 
2045 
2045 
2045 
2045 
2046 
2046 
2046 
2046 
2046 
2046 
2047 
2047 
2047 
2047 
2047 
2047 
2048 
2048 
2048 
2048 
2048 
2049 
2049 
2049 
2049 
2049 
2049 
2050 
2050 
2050 
2050 
2050 
2050 
2051 
2051 
2051 
2051 
2051 
2051 
2052 
2052 
2052 
2052 
2052 
2052 
2053 
2053 
2053 
2053 
2053 
2053 
2054 
2054 
2054 
2054 
2054 
2054 
2055 
2055 
2055 
2055 
2055 
2055 
2055 
2056 
2056 
2056 
2056 
2056 
2056 
2057 
2057 
2057 
2057 
2057 
2057 
2058 
2058 
2058 
2058 
2058 
2058 
2058 
2059 
2059 
2059 
2059 
2059 
2059 
2060 
2060 
2060 
2060 
2060 
2060 
2060 
2061 
2061 
2061 
2061 
2061 
2061 
2061 
2062 
2062 
2062 
2062 
2062 
2062 
2062 
2063 
2063 
2063 
2063 
2063 
2063 
2063 
2063 
2064 
2064 
2064 
2064 
2064 
2064 
2064 
2064 
2064 
2065 
2065 
2065 
2065 
2065 
2065 
2065 
2065 
2065 
2065 
2065 
2066 
2066 
2066 
2066 
2066 
2066 
2066 
2066 
2066 
2066 
2066 
2066 
2066 
2066 
2066 
2066 
2066 
2066 
2066 
2066 
2066 
2066 
2066 
2066 
2066 
2066 
2066 
2066 
2066 
2066 
2066 
2066 
2066 
2066 
2066 
2066 
2066 
2066 
2066 
2066 
2065 
2065 
2065 
2065 
2065 
2065 
2065 
2065 
2065 
2064 
2064 
2064 
2064 
2064 
2064 
2063 
2063 
2063 
2063 
2063 
2063 
2062 
2062 
2062 
2062 
2061 
2061 
2061 
2061 
2060 
2060 
2060 
2060 
2059 
2059 
2059 
2059 
2058 
2058 
2058 
2057 
2057 
2057 
2056 
2056 
2056 
2056 
2055 
2055 
2054 
2054 
2054 
2053 
2053 
2053 
2052 
2052 
2052 
2051 
2051 
2050 
2050 
2050 
2049 
2049 
2049 
2048 
2048 
2047 
2047 
2047 
2046 
2046 
2045 
2045 
2044 
2044 
2044 
2043 
2043 
2042 
2042 
2041 
2041 
2041 
2040 
2040 
2039 
2039 
2038 
2038 
2038 
2037 
2037 
2036 
2036 
2035 
2035 
2035 
2034 
2034 
2033 
2033 
2033 
2032 
2032 
2031 
2031 
2030 
2030 
2030 
2029 
2029 
2028 
2028 
2028 
2027 
2027 
2027 
2026 
2026 
2025 
2025 
2025 
2024 
2024 
2024 
2023 
2023 
2022 
2022 
2022 
2021 
2021 
2021 
2020 
2020 
2020 
2020 
2019 
2019 
2019 
2018 
2018 
2018 
2017 
2017 
2017 
2017 
2016 
2016 
2016 
2016 
2015 
2015 
2015 
2015 
2014 
2014 
2014 
2014 
2014 
2013 
2013 
2013 
2013 
2013 
2012 
2012 
2012 
2012 
2012 
2012 
2011 
2011 
2011 
2011 
2011 
2011 
2011 
2011 
2010 
2010 
2010 
2010 
2010 
2010 
2010 
2010 
2010 
2010 
2009 
2009 
2009 
2009 
2009 
2009 
2009 
2009 
2009 
2009 
2009 
2009 
2009 
2009 
2009 
2009 
2009 
2009 
2009 
2009 
2009 
2009 
2009 
2009 
2009 
2009 
2009 
2009 
2009 
2009 
2009 
2009 
2009 
2009 
2009 
2009 
2009 
2009 
2009 
2009 
2009 
2009 
2009 
2009 
2009 
2009 
2009 
2009 
2009 
2009 
2009 
2009 
2009 
2009 
2009 
2009 
2009 
2009 
2009 
2009 
2009 
2009 
2009 
2009 
2009 
2009 
2009 
2009 
2009 
2009 
2009 
2009 
2010 
2010 
2010 
2010 
2010 
2010 
2010 
2010 
2010 
2010 
2010 
2010 
2010 
2010 
2010 
2010 
2010 
2010 
2010 
2010 
2010 
2010 
2010 
2010 
2010 
2010 
2010 
2010 
2010 
2010 
2010 
2010 
2010 
2010 
2010 
2010 
2010 
2010 
2010 
2010 
2010 
2010 
2011 
2011 
2011 
2011 
2011 
2011 
2011 
2011 
2011 
2011 
2011 
2011 
2011 
2011 
2011 
2011 
2011 
2011 
2011 
2011 
2011 
2011 
2011 
2011 
2011 
2011 
2011 
2011 
2011 
2011 
2011 
2011 
2011 
2011 
2011 
2011 
2012 
2012 
2012 
2012 
2012 
2012 
2012 
2012 
2012 
2012 
2012 
2012 
2012 
2012 
2012 
2012 
2012 
2012 
2012 
2013 
2013 
2013 
2013 
2013 
2013 
2013 
2013 
2013 
2013 
2013 
2013 
2013 
2013 
2014 
2014 
2014 
2014 
2014 
2014 
2014 
2014 
2014 
2014 
2015 
2015 
2015 
2015 
2015 
2015 
2015 
2015 
2015 
2016 
2016 
2016 
2016 
2016 
2016 
2016 
2016 
2017 
2017 
2017 
2017 
2017 
2017 
2017 
2018 
2018 
2018 
2018 
2018 
2018 
2019 
2019 
2019 
2019 
2019 
2019 
2020 
2020 
2020 
2020 
2020 
2020 
2021 
2021 
2021 
2021 
2021 
2021 
2022 
2022 
2022 
2022 
2022 
2022 
2023 
2023 
2023 
2023 
2023 
2024 
2024 
2024 
2024 
2024 
2024 
2025 
2025 
2025 
2025 
2025 
2026 
2026 
2026 
2026 
2026 
2027 
2027 
2027 
2027 
2027 
2028 
2028 
2028 
2028 
2028 
2028 
2029 
2029 
2029 
2029 
2029 
2030 
2030 
2030 
2030 
2030 
2031 
2031 
2031 
2031 
2031 
2031 
2032 
2032 
2032 
2032 
2032 
2032 
2033 
2033 
2033 
2033 
2033 
2034 
2034 
2034 
2034 
2034 
2034 
2035 
2035 
2035 
2035 
2035 
2035 
2036 
2036 
2036 
2036 
2036 
2036 
2037 
2037 
2037 
2037 
2037 
2037 
2038 
2038 
2038 
2038 
2038 
2038 
2039 
2039 
2039 
2039 
2039 
2039 
2039 
2040 
2040 
2040 
2040 
2040 
2040 
2041 
2041 
2041 
2041 
2041 
2041 
2041 
2042 
2042 
2042 
2042 
2042 
2042 
2043 
2043 
2043 
2043 
2043 
2043 
2043 
2044 
2044 
2044 
2044 
2044 
2044 
2044 
2045 
2045 
2045 
2045 
2045 
2045 
2046 
2046 
2046 
2046 
2046 
2046 
2046 
2047 
2047 
2047 
2047 
2047 
2047 
2047 
2048 
2048 
2048 
2048 
2048 
2048 
2048 
2049 
2049 
2049 
2049 
2049 
2049 
2049 
2050 
2050 
2050 
2050 
2050 
2050 
2050 
2050 
2051 
2051 
2051 
2051 
2051 
2051 
2051 
2051 
2052 
2052 
2052 
2052 
2052 
2052 
2052 
2052 
2053 
2053 
2053 
2053 
2053 
2053 
2053 
2053 
2053 
2054 
2054 
2054 
2054 
2054 
2054 
2054 
2054 
2054 
2054 
2054 
2055 
2055 
2055 
2055 
2055 
2055 
2055 
2055 
2055 
2055 
2055 
2055 
2055 
2055 
2055 
2055 
2055 
2055 
2055 
2055 
2055 
2055 
2055 
2055 
2055 
2055 
2055 
2055 
2055 
2055 
2055 
2055 
2055 
2055 
2055 
2055 
2055 
2055 
2055 
2055 
2055 
2055 
2054 
2054 
2054 
2054 
2054 
2054 
2054 
2054 
2054 
2053 
2053 
2053 
2053 
2053 
2053 
2053 
2052 
2052 
2052 
2052 
2052 
2051 
2051 
2051 
2051 
2051 
2050 
2050 
2050 
2050 
2049 
2049 
2049 
2049 
2048 
2048 
2048 
2048 
2047 
2047 
2047 
2046 
2046 
2046 
2045 
2045 
2045 
2045 
2044 
2044 
2044 
2043 
2043 
2043 
2042 
2042 
2041 
2041 
2041 
2040 
2040 
2040 
2039 
2039 
2039 
2038 
2038 
2037 
2037 
2037 
2036 
2036 
2035 
2035 
2035 
2034 
2034 
2033 
2033 
2033 
2032 
2032 
2031 
2031 
2031 
2030 
2030 
2029 
2029 
2029 
2028 
2028 
2027 
2027 
2027 
2026 
2026 
2026 
2025 
2025 
2024 
2024 
2024 
2023 
2023 
2022 
2022 
2022 
2021 
2021 
2021 
2020 
2020 
2020 
2019 
2019 
2018 
2018 
2018 
2017 
2017 
2017 
2016 
2016 
2016 
2016 
2015 
2015 
2015 
2014 
2014 
2014 
2014 
2013 
2013 
2013 
2012 
2012 
2012 
2012 
2011 
2011 
2011 
2011 
2011 
2010 
2010 
2010 
2010 
2010 
2009 
2009 
2009 
2009 
2009 
2009 
2008 
2008 
2008 
2008 
2008 
2008 
2008 
2008 
2007 
2007 
2007 
2007 
2007 
2007 
2007 
2007 
2007 
2007 
2007 
2007 
2007 
2007 
2007 
2007 
2007 
2007 
2007 
2007 
2007 
2007 
2007 
2007 
2007 
2007 
2007 
2007 
2007 
2007 
2007 
2007 
2007 
2007 
2007 
2007 
2007 
2007 
2007 
2007 
2007 
2007 
2008 
2008 
2008 
2008 
2008 
2008 
2008 
2008 
2008 
2008 
2009 
2009 
2009 
2009 
2009 
2009 
2009 
2009 
2009 
2010 
2010 
2010 
2010 
2010 
2010 
2010 
2010 
2011 
2011 
2011 
2011 
2011 
2011 
2011 
2011 
2012 
2012 
2012 
2012 
2012 
2012 
2012 
2012 
2013 
2013 
2013 
2013 
2013 
2013 
2013 
2013 
2014 
2014 
2014 
2014 
2014 
2014 
2014 
2014 
2014 
2015 
2015 
2015 
2015 
2015 
2015 
2015 
2015 
2015 
2015 
2015 
2016 
2016 
2016 
2016 
2016 
2016 
2016 
2016 
2016 
2016 
2016 
2016 
2017 
2017 
2017 
2017 
2017 
2017 
2017 
2017 
2017 
2017 
2017 
2017 
2017 
2017 
2017 
2017 
2017 
2017 
2018 
2018 
2018 
2018 
2018 
2018 
2018 
2018 
2018 
2018 
2018 
2018 
2018 
2018 
2018 
2018 
2018 
2018 
2018 
2018 
2018 
2018 
2018 
2018 
2018 
2018 
2018 
2018 
2018 
2018 
2018 
2018 
2018 
2018 
2018 
2019 
2019 
2019 
2019 
2019 
2019 
2019 
2019 
2019 
2019 
2019 
2019 
2019 
2019 
2019 
2019 
2019 
2019 
2019 
2019 
2019 
2019 
2019 
2019 
2019 
2019 
2019 
2019 
2019 
2019 
2019 
2019 
2019 
2019 
2019 
2020 
2020 
2020 
2020 
2020 
2020 
2020 
2020 
2020 
2020 
2020 
2020 
2020 
2020 
2020 
2020 
2020 
2020 
2021 
2021 
2021 
2021 
2021 
2021 
2021 
2021 
2021 
2021 
2021 
2021 
2021 
2022 
2022 
2022 
2022 
2022 
2022 
2022 
2022 
2022 
2022 
2022 
2023 
2023 
2023 
2023 
2023 
2023 
2023 
2023 
2023 
2023 
2024 
2024 
2024 
2024 
2024 
2024 
2024 
2024 
2024 
2024 
2025 
2025 
2025 
2025 
2025 
2025 
2025 
2025 
2026 
2026 
2026 
2026 
2026 
2026 
2026 
2026 
2026 
2027 
2027 
2027 
2027 
2027 
2027 
2027 
2027 
2028 
2028 
2028 
2028 
2028 
2028 
2028 
2028 
2028 
2029 
2029 
2029 
2029 
2029 
2029 
2029 
2029 
2030 
2030 
2030 
2030 
2030 
2030 
2030 
2030 
2030 
2031 
2031 
2031 
2031 
2031 
2031 
2031 
2031 
2031 
2032 
2032 
2032 
2032 
2032 
2032 
2032 
2032 
2032 
2033 
2033 
2033 
2033 
2033 
2033 
2033 
2033 
2033 
2034 
2034 
2034 
2034 
2034 
2034 
2034 
2034 
2035 
2035 
2035 
2035 
2035 
2035 
2035 
2035 
2035 
2036 
2036 
2036 
2036 
2036 
2036 
2036 
2036 
2037 
2037 
2037 
2037 
2037 
2037 
2037 
2037 
2038 
2038 
2038 
2038 
2038 
2038 
2038 
2038 
2039 
2039 
2039 
2039 
2039 
2039 
2039 
2040 
2040 
2040 
2040 
2040 
2040 
2040 
2041 
2041 
2041 
2041 
2041 
2041 
2041 
2042 
2042 
2042 
2042 
2042 
2042 
2042 
2043 
2043 
2043 
2043 
2043 
2043 
2043 
2044 
2044 
2044 
2044 
2044 
2044 
2044 
2045 
2045 
2045 
2045 
2045 
2045 
2046 
2046 
2046 
2046 
2046 
2046 
2046 
2047 
2047 
2047 
2047 
2047 
2047 
2048 
2048 
2048 
2048 
2048 
2048 
2048 
2049 
2049 
2049 
2049 
2049 
2049 
2049 
2050 
2050 
2050 
2050 
2050 
2050 
2050 
2050 
2051 
2051 
2051 
2051 
2051 
2051 
2051 
2051 
2051 
2051 
2052 
2052 
2052 
2052 
2052 
2052 
2052 
2052 
2052 
2052 
2052 
2052 
2052 
2053 
2053 
2053 
2053 
2053 
2053 
2053 
2053 
2053 
2053 
2053 
2053 
2053 
2053 
2053 
2053 
2053 
2053 
2053 
2053 
2053 
2053 
2053 
2053 
2052 
2052 
2052 
2052 
2052 
2052 
2052 
2052 
2052 
2052 
2052 
2051 
2051 
2051 
2051 
2051 
2051 
2051 
2051 
2050 
2050 
2050 
2050 
2050 
2050 
2049 
2049 
2049 
2049 
2049 
2048 
2048 
2048 
2048 
2047 
2047 
2047 
2047 
2047 
2046 
2046 
2046 
2045 
2045 
2045 
2045 
2044 
2044 
2044 
2044 
2043 
2043 
2043 
2042 
2042 
2042 
2041 
2041 
2041 
2040 
2040 
2040 
2039 
2039 
2039 
2038 
2038 
2038 
2037 
2037 
2037 
2036 
2036 
2035 
2035 
2035 
2034 
2034 
2034 
2033 
2033 
2033 
2032 
2032 
2031 
2031 
2031 
2030 
2030 
2030 
2029 
2029 
2028 
2028 
2028 
2027 
2027 
2027 
2026 
2026 
2026 
2025 
2025 
2024 
2024 
2024 
2023 
2023 
2023 
2022 
2022 
2022 
2021 
2021 
2021 
2020 
2020 
2020 
2019 
2019 
2019 
2018 
2018 
2018 
2018 
2017 
2017 
2017 
2016 
2016 
2016 
2016 
2015 
2015 
2015 
2015 
2014 
2014 
2014 
2014 
2013 
2013 
2013 
2013 
2013 
2012 
2012 
2012 
2012 
2012 
2011 
2011 
2011 
2011 
2011 
2011 
2010 
2010 
2010 
2010 
2010 
2010 
2010 
2009 
2009 
2009 
2009 
2009 
2009 
2009 
2009 
2009 
2009 
2009 
2008 
2008 
2008 
2008 
2008 
2008 
2008 
2008 
2008 
2008 
2008 
2008 
2008 
2008 
2008 
2008 
2008 
2008 
2008 
2008 
2008 
2008 
2008 
2008 
2008 
2008 
2008 
2008 
2008 
2008 
2008 
2008 
2008 
2008 
2009 
2009 
2009 
2009 
2009 
2009 
2009 
2009 
2009 
2009 
2009 
2009 
2009 
2009 
2009 
2010 
2010 
2010 
2010 
2010 
2010 
2010 
2010 
2010 
2010 
2010 
2010 
2011 
2011 
2011 
2011 
2011 
2011 
2011 
2011 
2011 
2011 
2011 
2011 
2012 
2012 
2012 
2012 
2012 
2012 
2012 
2012 
2012 
2012 
2012 
2012 
2013 
2013 
2013 
2013 
2013 
2013 
2013 
2013 
2013 
2013 
2013 
2013 
2013 
2013 
2013 
2014 
2014 
2014 
2014 
2014 
2014 
2014 
2014 
2014 
2014 
2014 
2014 
2014 
2014 
2014 
2014 
2014 
2014 
2014 
2014 
2014 
2014 
2015 
2015 
2015 
2015 
2015 
2015 
2015 
2015 
2015 
2015 
2015 
2015 
2015 
2015 
2015 
2015 
2015 
2015 
2015 
2015 
2015 
2015 
2015 
2015 
2015 
2015 
2015 
2015 
2015 
2015 
2015 
2015 
2015 
2015 
2015 
2015 
2015 
2015 
2016 
2016 
2016 
2016 
2016 
2016 
2016 
2016 
2016 
2016 
2016 
2016 
2016 
2016 
2016 
2016 
2016 
2016 
2016 
2016 
2016 
2016 
2016 
2016 
2016 
2016 
2016 
2016 
2016 
2017 
2017 
2017 
2017 
2017 
2017 
2017 
2017 
2017 
2017 
2017 
2017 
2017 
2017 
2017 
2017 
2018 
2018 
2018 
2018 
2018 
2018 
2018 
2018 
2018 
2018 
2018 
2019 
2019 
2019 
2019 
2019 
2019 
2019 
2019 
2019 
2020 
2020 
2020 
2020 
2020 
2020 
2020 
2020 
2021 
2021 
2021 
2021 
2021 
2021 
2021 
2022 
2022 
2022 
2022 
2022 
2022 
2022 
2023 
2023 
2023 
2023 
2023 
2023 
2024 
2024 
2024 
2024 
2024 
2024 
2025 
2025 
2025 
2025 
2025 
2025 
2026 
2026 
2026 
2026 
2026 
2026 
2027 
2027 
2027 
2027 
2027 
2027 
2028 
2028 
2028 
2028 
2028 
2029 
2029 
2029 
2029 
2029 
2029 
2030 
2030 
2030 
2030 
2030 
2030 
2031 
2031 
2031 
2031 
2031 
2032 
2032 
2032 
2032 
2032 
2032 
2033 
2033 
2033 
2033 
2033 
2033 
2034 
2034 
2034 
2034 
2034 
2034 
2035 
2035 
2035 
2035 
2035 
2035 
2035 
2036 
2036 
2036 
2036 
2036 
2036 
2037 
2037 
2037 
2037 
2037 
2037 
2037 
2038 
2038 
2038 
2038 
2038 
2038 
2038 
2039 
2039 
2039 
2039 
2039 
2039 
2039 
2040 
2040 
2040 
2040 
2040 
2040 
2040 
2041 
2041 
2041 
2041 
2041 
2041 
2041 
2041 
2042 
2042 
2042 
2042 
2042 
2042 
2042 
2042 
2043 
2043 
2043 
2043 
2043 
2043 
2043 
2043 
2044 
2044 
2044 
2044 
2044 
2044 
2044 
2044 
2045 
2045 
2045 
2045 
2045 
2045 
2045 
2045 
2045 
2046 
2046 
2046 
2046 
2046 
2046 
2046 
2046 
2046 
2047 
2047 
2047 
2047 
2047 
2047 
2047 
2047 
2047 
2048 
2048 
2048 
2048 
2048 
2048 
2048 
2048 
2048 
2049 
2049 
2049 
2049 
2049 
2049 
2049 
2049 
2049 
2049 
2050 
2050 
2050 
2050 
2050 
2050 
2050 
2050 
2050 
2050 
2050 
2051 
2051 
2051 
2051 
2051 
2051 
2051 
2051 
2051 
2051 
2051 
2051 
2052 
2052 
2052 
2052 
2052 
2052 
2052 
2052 
2052 
2052 
2052 
2052 
2052 
2052 
2052 
2052 
2052 
2052 
2052 
2052 
2052 
2052 
2052 
2053 
2053 
2053 
2053 
2053 
2053 
2053 
2053 
2053 
2053 
2052 
2052 
2052 
2052 
2052 
2052 
2052 
2052 
2052 
2052 
2052 
2052 
2052 
2052 
2052 
2052 
2052 
2052 
2052 
2051 
2051 
2051 
2051 
2051 
2051 
2051 
2051 
2051 
2050 
2050 
2050 
2050 
2050 
2050 
2050 
2049 
2049 
2049 
2049 
2049 
2049 
2048 
2048 
2048 
2048 
2048 
2047 
2047 
2047 
2047 
2047 
2046 
2046 
2046 
2046 
2045 
2045 
2045 
2045 
2045 
2044 
2044 
2044 
2044 
2043 
2043 
2043 
2042 
2042 
2042 
2042 
2041 
2041 
2041 
2041 
2040 
2040 
2040 
2039 
2039 
2039 
2039 
2038 
2038 
2038 
2037 
2037 
2037 
2036 
2036 
2036 
2036 
2035 
2035 
2035 
2034 
2034 
2034 
2033 
2033 
2033 
2033 
2032 
2032 
2032 
2031 
2031 
2031 
2030 
2030 
2030 
2030 
2029 
2029 
2029 
2028 
2028 
2028 
2028 
2027 
2027 
2027 
2026 
2026 
2026 
2026 
2025 
2025 
2025 
2025 
2024 
2024 
2024 
2024 
2023 
2023 
2023 
2023 
2022 
2022 
2022 
2022 
2022 
2021 
2021 
2021 
2021 
2020 
2020 
2020 
2020 
2020 
2020 
2019 
2019 
2019 
2019 
2019 
2019 
2018 
2018 
2018 
2018 
2018 
2018 
2018 
2017 
2017 
2017 
2017 
2017 
2017 
2017 
2017 
2017 
2017 
2016 
2016 
2016 
2016 
2016 
2016 
2016 
2016 
2016 
2016 
2016 
2016 
2016 
2016 
2016 
2016 
2016 
2016 
2016 
2016 
2016 
2016 
2016 
2016 
2016 
2016 
2016 
2016 
2016 
2016 
2016 
2016 
2016 
2016 
2016 
2016 
2016 
2016 
2016 
2016 
2016 
2016 
2016 
2016 
2016 
2016 
2016 
2016 
2016 
2016 
2016 
2016 
2017 
2017 
2017 
2017 
2017 
2017 
2017 
2017 
2017 
2017 
2017 
2017 
2017 
2017 
2017 
2017 
2018 
2018 
2018 
2018 
2018 
2018 
2018 
2018 
2018 
2018 
2018 
2018 
2018 
2018 
2019 
2019 
2019 
2019 
2019 
2019 
2019 
2019 
2019 
2019 
2019 
2019 
2019 
2019 
2019 
2019 
2020 
2020 
2020 
2020 
2020 
2020 
2020 
2020 
2020 
2020 
2020 
2020 
2020 
2020 
2020 
2020 
2020 
2020 
2020 
2020 
2020 
2021 
2021 
2021 
2021 
2021 
2021 
2021 
2021 
2021 
2021 
2021 
2021 
2021 
2021 
2021 
2021 
2021 
2021 
2021 
2021 
2021 
2021 
2021 
2021 
2021 
2021 
2021 
2021 
2021 
2021 
2021 
2021 
2021 
2021 
2021 
2021 
2022 
2022 
2022 
2022 
2022 
2022 
2022 
2022 
2022 
2022 
2022 
2022 
2022 
2022 
2022 
2022 
2022 
2022 
2022 
2022 
2022 
2022 
2022 
2022 
2022 
2022 
2022 
2022 
2022 
2022 
2022 
2022 
2022 
2022 
2022 
2022 
2022 
2022 
2022 
2022 
2022 
2022 
2022 
2023 
2023 
2023 
2023 
2023 
2023 
2023 
2023 
2023 
2023 
2023 
2023 
2023 
2023 
2023 
2023 
2023 
2023 
2023 
2023 
2024 
2024 
2024 
2024 
2024 
2024 
2024 
2024 
2024 
2024 
2024 
2024 
2024 
2024 
2025 
2025 
2025 
2025 
2025 
2025 
2025 
2025 
2025 
2025 
2025 
2026 
2026 
2026 
2026 
2026 
2026 
2026 
2026 
2026 
2026 
2027 
2027 
2027 
2027 
2027 
2027 
2027 
2027 
2028 
2028 
2028 
2028 
2028 
2028 
2028 
2028 
2029 
2029 
2029 
2029 
2029 
2029 
2029 
2029 
2030 
2030 
2030 
2030 
2030 
2030 
2030 
2031 
2031 
2031 
2031 
2031 
2031 
2031 
2032 
2032 
2032 
2032 
2032 
2032 
2032 
2033 
2033 
2033 
2033 
2033 
2033 
2034 
2034 
2034 
2034 
2034 
2034 
2034 
2035 
2035 
2035 
2035 
2035 
2035 
2036 
2036 
2036 
2036 
2036 
2036 
2037 
2037 
2037 
2037 
2037 
2037 
2037 
2038 
2038 
2038 
2038 
2038 
2038 
2039 
2039 
2039 
2039 
2039 
2039 
2040 
2040 
2040 
2040 
2040 
2040 
2041 
2041 
2041 
2041 
2041 
2041 
2042 
2042 
2042 
2042 
2042 
2042 
2043 
2043 
2043 
2043 
2043 
2043 
2044 
2044 
2044 
2044 
2044 
2044 
2045 
2045 
2045 
2045 
2045 
2045 
2046 
2046 
2046 
2046 
2046 
2046 
2047 
2047 
2047 
2047 
2047 
2047 
2048 
2048 
2048 
2048 
2048 
2048 
2049 
2049 
2049 
2049 
2049 
2049 
2050 
2050 
2050 
2050 
2050 
2050 
2050 
2051 
2051 
2051 
2051 
2051 
2051 
2052 
2052 
2052 
2052 
2052 
2052 
2053 
2053 
2053 
2053 
2053 
2053 
2053 
2054 
2054 
2054 
2054 
2054 
2054 
2054 
2055 
2055 
2055 
2055 
2055 
2055 
2055 
2056 
2056 
2056 
2056 
2056 
2056 
2056 
2056 
2057 
2057 
2057 
2057 
2057 
2057 
2057 
2057 
2057 
2058 
2058 
2058 
2058 
2058 
2058 
2058 
2058 
2058 
2058 
2058 
2059 
2059 
2059 
2059 
2059 
2059 
2059 
2059 
2059 
2059 
2059 
2059 
2059 
2059 
2059 
2059 
2059 
2059 
2059 
2059 
2059 
2059 
2059 
2060 
2060 
2059 
2059 
2059 
2059 
2059 
2059 
2059 
2059 
2059 
2059 
2059 
2059 
2059 
2059 
2059 
2059 
2059 
2059 
2059 
2059 
2059 
2059 
2058 
2058 
2058 
2058 
2058 
2058 
2058 
2058 
2057 
2057 
2057 
2057 
2057 
2057 
2057 
2056 
2056 
2056 
2056 
2056 
2056 
2055 
2055 
2055 
2055 
2055 
2054 
2054 
2054 
2054 
2054 
2053 
2053 
2053 
2053 
2052 
2052 
2052 
2052 
2051 
2051 
2051 
2051 
2050 
2050 
2050 
2049 
2049 
2049 
2049 
2048 
2048 
2048 
2047 
2047 
2047 
2046 
2046 
2046 
2046 
2045 
2045 
2045 
2044 
2044 
2044 
2043 
2043 
2043 
2042 
2042 
2042 
2041 
2041 
2041 
2040 
2040 
2040 
2039 
2039 
2039 
2038 
2038 
2038 
2037 
2037 
2037 
2036 
2036 
2036 
2035 
2035 
2035 
2034 
2034 
2034 
2033 
2033 
2033 
2032 
2032 
2032 
2031 
2031 
2031 
2031 
2030 
2030 
2030 
2029 
2029 
2029 
2028 
2028 
2028 
2028 
2027 
2027 
2027 
2026 
2026 
2026 
2026 
2025 
2025 
2025 
2025 
2024 
2024 
2024 
2024 
2023 
2023 
2023 
2023 
2023 
2022 
2022 
2022 
2022 
2021 
2021 
2021 
2021 
2021 
2021 
2020 
2020 
2020 
2020 
2020 
2020 
2019 
2019 
2019 
2019 
2019 
2019 
2019 
2018 
2018 
2018 
2018 
2018 
2018 
2018 
2018 
2018 
2017 
2017 
2017 
2017 
2017 
2017 
2017 
2017 
2017 
2017 
2017 
2017 
2017 
2016 
2016 
2016 
2016 
2016 
2016 
2016 
2016 
2016 
2016 
2016 
2016 
2016 
2016 
2016 
2016 
2016 
2016 
2016 
2016 
2016 
2016 
2016 
2016 
2016 
2016 
2016 
2016 
2016 
2016 
2016 
2016 
2016 
2016 
2016 
2016 
2016 
2016 
2016 
2016 
2016 
2016 
2016 
2016 
2016 
2017 
2017 
2017 
2017 
2017 
2017 
2017 
2017 
2017 
2017 
2017 
2017 
2017 
2017 
2017 
2017 
2017 
2017 
2017 
2017 
2017 
2017 
2017 
2017 
2017 
2018 
2018 
2018 
2018 
2018 
2018 
2018 
2018 
2018 
2018 
2018 
2018 
2018 
2018 
2018 
2018 
2018 
2018 
2018 
2018 
2018 
2018 
2019 
2019 
2019 
2019 
2019 
2019 
2019 
2019 
2019 
2019 
2019 
2019 
2019 
2019 
2019 
2019 
2019 
2019 
2019 
2020 
2020 
2020 
2020 
2020 
2020 
2020 
2020 
2020 
2020 
2020 
2020 
2020 
2020 
2020 
2021 
2021 
2021 
2021 
2021 
2021 
2021 
2021 
2021 
2021 
2021 
2021 
2021 
2022 
2022 
2022 
2022 
2022 
2022 
2022 
2022 
2022 
2022 
2022 
2022 
2023 
2023 
2023 
2023 
2023 
2023 
2023 
2023 
2023 
2023 
2024 
2024 
2024 
2024 
2024 
2024 
2024 
2024 
2024 
2025 
2025 
2025 
2025 
2025 
2025 
2025 
2026 
2026 
2026 
2026 
2026 
2026 
2026 
2026 
2027 
2027 
2027 
2027 
2027 
2027 
2028 
2028 
2028 
2028 
2028 
2028 
2028 
2029 
2029 
2029 
2029 
2029 
2029 
2030 
2030 
2030 
2030 
2030 
2030 
2031 
2031 
2031 
2031 
2031 
2032 
2032 
2032 
2032 
2032 
2032 
2033 
2033 
2033 
2033 
2033 
2034 
2034 
2034 
2034 
2034 
2034 
2035 
2035 
2035 
2035 
2035 
2036 
2036 
2036 
2036 
2036 
2037 
2037 
2037 
2037 
2037 
2038 
2038 
2038 
2038 
2038 
2038 
2039 
2039 
2039 
2039 
2039 
2040 
2040 
2040 
2040 
2040 
2041 
2041 
2041 
2041 
2041 
2041 
2042 
2042 
2042 
2042 
2042 
2043 
2043 
2043 
2043 
2043 
2044 
2044 
2044 
2044 
2044 
2044 
2045 
2045 
2045 
2045 
2045 
2046 
2046 
2046 
2046 
2046 
2046 
2047 
2047 
2047 
2047 
2047 
2048 
2048 
2048 
2048 
2048 
2048 
2049 
2049 
2049 
2049 
2049 
2049 
2050 
2050 
2050 
2050 
2050 
2050 
2051 
2051 
2051 
2051 
2051 
2051 
2052 
2052 
2052 
2052 
2052 
2052 
2052 
2053 
2053 
2053 
2053 
2053 
2053 
2054 
2054 
2054 
2054 
2054 
2054 
2054 
2055 
2055 
2055 
2055 
2055 
2055 
2055 
2055 
2056 
2056 
2056 
2056 
2056 
2056 
2056 
2056 
2057 
2057 
2057 
2057 
2057 
2057 
2057 
2057 
2058 
2058 
2058 
2058 
2058 
2058 
2058 
2058 
2058 
2058 
2058 
2059 
2059 
2059 
2059 
2059 
2059 
2059 
2059 
2059 
2059 
2059 
2059 
2059 
2060 
2060 
2060 
2060 
2060 
2060 
2060 
2060 
2060 
2060 
2060 
2060 
2060 
2060 
2060 
2060 
2060 
2060 
2060 
2060 
2060 
2060 
2060 
2060 
2060 
2060 
2060 
2060 
2060 
2060 
2060 
2060 
2060 
2060 
2060 
2060 
2060 
2060 
2060 
2059 
2059 
2059 
2059 
2059 
2059 
2059 
2059 
2059 
2059 
2059 
2059 
2058 
2058 
2058 
2058 
2058 
2058 
2058 
2058 
2058 
2057 
2057 
2057 
2057 
2057 
2057 
2057 
2056 
2056 
2056 
2056 
2056 
2056 
2055 
2055 
2055 
2055 
2055 
2055 
2054 
2054 
2054 
2054 
2054 
2053 
2053 
2053 
2053 
2053 
2052 
2052 
2052 
2052 
2051 
2051 
2051 
2051 
2050 
2050 
2050 
2050 
2050 
2049 
2049 
2049 
2049 
2048 
2048 
2048 
2048 
2047 
2047 
2047 
2047 
2046 
2046 
2046 
2046 
2045 
2045 
2045 
2045 
2044 
2044 
2044 
2044 
2043 
2043 
2043 
2043 
2042 
2042 
2042 
2042 
2041 
2041 
2041 
2041 
2041 
2040 
2040 
2040 
2040 
2039 
2039 
2039 
2039 
2038 
2038 
2038 
2038 
2038 
2037 
2037 
2037 
2037 
2037 
2036 
2036 
2036 
2036 
2036 
2035 
2035 
2035 
2035 
2035 
2035 
2034 
2034 
2034 
2034 
2034 
2034 
2033 
2033 
2033 
2033 
2033 
2033 
2033 
2032 
2032 
2032 
2032 
2032 
2032 
2032 
2032 
2031 
2031 
2031 
2031 
2031 
2031 
2031 
2031 
2031 
2031 
2031 
2030 
2030 
2030 
2030 
2030 
2030 
2030 
2030 
2030 
2030 
2030 
2030 
2030 
2030 
2030 
2030 
2030 
2030 
2029 
2029 
2029 
2029 
2029 
2029 
2029 
2029 
2029 
2029 
2029 
2029 
2029 
2029 
2029 
2029 
2029 
2029 
2029 
2029 
2029 
2029 
2029 
2029 
2029 
2029 
2029 
2029 
2029 
2029 
2029 
2029 
2029 
2029 
2029 
2029 
2029 
2029 
2029 
2029 
2029 
2029 
2029 
2029 
2029 
2030 
2030 
2030 
2030 
2030 
2030 
2030 
2030 
2030 
2030 
2030 
2030 
2030 
2030 
2030 
2030 
2030 
2030 
2030 
2030 
2030 
2030 
2030 
2030 
2030 
2030 
2030 
2030 
2030 
2030 
2030 
2030 
2030 
2030 
2030 
2030 
2030 
2030 
2030 
2030 
2030 
2030 
2030 
2030 
2030 
2030 
2030 
2030 
2030 
2030 
2030 
2030 
2030 
2030 
2030 
2030 
2030 
2030 
2030 
2030 
2030 
2030 
2030 
2030 
2030 
2030 
2030 
2030 
2030 
2030 
2030 
2030 
2030 
2030 
2030 
2030 
2030 
2030 
2030 
2030 
2030 
2030 
2030 
2030 
2030 
2030 
2030 
2030 
2030 
2030 
2030 
2030 
2030 
2030 
2030 
2030 
2030 
2030 
2030 
2030 
2030 
2030 
2030 
2030 
2030 
2030 
2030 
2030 
2030 
2030 
2030 
2030 
2030 
2030 
2030 
2030 
2030 
2030 
2030 
2030 
2030 
2030 
2030 
2030 
2030 
2030 
2030 
2030 
2030 
2030 
2031 
2031 
2031 
2031 
2031 
2031 
2031 
2031 
2031 
2031 
2031 
2031 
2031 
2031 
2031 
2031 
2031 
2031 
2032 
2032 
2032 
2032 
2032 
2032 
2032 
2032 
2032 
2032 
2032 
2032 
2033 
2033 
2033 
2033 
2033 
2033 
2033 
2033 
2033 
2033 
2034 
2034 
2034 
2034 
2034 
2034 
2034 
2034 
2035 
2035 
2035 
2035 
2035 
2035 
2035 
2035 
2036 
2036 
2036 
2036 
2036 
2036 
2036 
2037 
2037 
2037 
2037 
2037 
2037 
2037 
2037 
2038 
2038 
2038 
2038 
2038 
2038 
2038 
2039 
2039 
2039 
2039 
2039 
2039 
2040 
2040 
2040 
2040 
2040 
2040 
2040 
2041 
2041 
2041 
2041 
2041 
2041 
2041 
2042 
2042 
2042 
2042 
2042 
2042 
2042 
2043 
2043 
2043 
2043 
2043 
2043 
2043 
2044 
2044 
2044 
2044 
2044 
2044 
2044 
2044 
2045 
2045 
2045 
2045 
2045 
2045 
2045 
2045 
2046 
2046 
2046 
2046 
2046 
2046 
2046 
2046 
2046 
2047 
2047 
2047 
2047 
2047 
2047 
2047 
2047 
2047 
2047 
2047 
2047 
2048 
2048 
2048 
2048 
2048 
2048 
2048 
2048 
2048 
2048 
2048 
2048 
2048 
2048 
2048 
2048 
2048 
2048 
2048 
2048 
2048 
2048 
2048 
2048 
2048 
2048 
2048 
2048 
2048 
2048 
2048 
2048 
2048 
2048 
2048 
2048 
2048 
2048 
2048 
2048 
2048 
2048 
2048 
2048 
2048 
2048 
2048 
2048 
2048 
2048 
2047 
2047 
2047 
2047 
2047 
2047 
2047 
2047 
2047 
2047 
2047 
2046 
2046 
2046 
2046 
2046 
2046 
2046 
2046 
2045 
2045 
2045 
2045 
2045 
2045 
2045 
2045 
2044 
2044 
2044 
2044 
2044 
2044 
2044 
2043 
2043 
2043 
2043 
2043 
2043 
2043 
2042 
2042 
2042 
2042 
2042 
2042 
2042 
2041 
2041 
2041 
2041 
2041 
2041 
2040 
2040 
2040 
2040 
2040 
2040 
2040 
2039 
2039 
2039 
2039 
2039 
2039 
2039 
2039 
2038 
2038 
2038 
2038 
2038 
2038 
2038 
2038 
2037 
2037 
2037 
2037 
2037 
2037 
2037 
2037 
2037 
2037 
2036 
2036 
2036 
2036 
2036 
2036 
2036 
2036 
2036 
2036 
2036 
2036 
2036 
2036 
2036 
2036 
2036 
2036 
2036 
2036 
2036 
2036 
2036 
2036 
2036 
2036 
2036 
2036 
2036 
2036 
2036 
2036 
2036 
2036 
2036 
2036 
2036 
2036 
2036 
2036 
2036 
2036 
2036 
2036 
2037 
2037 
2037 
2037 
2037 
2037 
2037 
2037 
2037 
2037 
2038 
2038 
2038 
2038 
2038 
2038 
2038 
2039 
2039 
2039 
2039 
2039 
2039 
2040 
2040 
2040 
2040 
2040 
2040 
2041 
2041 
2041 
2041 
2041 
2042 
2042 
2042 
2042 
2042 
2043 
2043 
2043 
2043 
2043 
2044 
2044 
2044 
2044 
2044 
2045 
2045 
2045 
2045 
2046 
2046 
2046 
2046 
2046 
2047 
2047 
2047 
2047 
2048 
2048 
2048 
2048 
2048 
2049 
2049 
2049 
2049 
2050 
2050 
2050 
2050 
2051 
2051 
2051 
2051 
2051 
2052 
2052 
2052 
2052 
2052 
2053 
2053 
2053 
2053 
2053 
2054 
2054 
2054 
2054 
2054 
2055 
2055 
2055 
2055 
2055 
2055 
2056 
2056 
2056 
2056 
2056 
2056 
2057 
2057 
2057 
2057 
2057 
2057 
2057 
2058 
2058 
2058 
2058 
2058 
2058 
2058 
2058 
2058 
2059 
2059 
2059 
2059 
2059 
2059 
2059 
2059 
2059 
2059 
2059 
2059 
2059 
2059 
2060 
2060 
2060 
2060 
2060 
2060 
2060 
2060 
2060 
2060 
2060 
2060 
2060 
2060 
2060 
2060 
2060 
2060 
2060 
2060 
2060 
2060 
2060 
2060 
2060 
2060 
2060 
2060 
2060 
2059 
2059 
2059 
2059 
2059 
2059 
2059 
2059 
2059 
2059 
2059 
2059 
2059 
2059 
2058 
2058 
2058 
2058 
2058 
2058 
2058 
2058 
2058 
2058 
2057 
2057 
2057 
2057 
2057 
2057 
2057 
2056 
2056 
2056 
2056 
2056 
2056 
2056 
2055 
2055 
2055 
2055 
2055 
2055 
2054 
2054 
2054 
2054 
2054 
2053 
2053 
2053 
2053 
2053 
2052 
2052 
2052 
2052 
2052 
2051 
2051 
2051 
2051 
2051 
2050 
2050 
2050 
2050 
2050 
2049 
2049 
2049 
2049 
2048 
2048 
2048 
2048 
2048 
2047 
2047 
2047 
2047 
2046 
2046 
2046 
2046 
2046 
2045 
2045 
2045 
2045 
2045 
2044 
2044 
2044 
2044 
2043 
2043 
2043 
2043 
2043 
2042 
2042 
2042 
2042 
2042 
2041 
2041 
2041 
2041 
2041 
2040 
2040 
2040 
2040 
2040 
2040 
2039 
2039 
2039 
2039 
2039 
2039 
2038 
2038 
2038 
2038 
2038 
2038 
2038 
2038 
2037 
2037 
2037 
2037 
2037 
2037 
2037 
2037 
2037 
2036 
2036 
2036 
2036 
2036 
2036 
2036 
2036 
2036 
2036 
2036 
2036 
2036 
2036 
2036 
2036 
2036 
2036 
2036 
2036 
2036 
2036 
2036 
2036 
2036 
2036 
2036 
2036 
2036 
2036 
2036 
2036 
2036 
2036 
2036 
2036 
2036 
2036 
2036 
2036 
2036 
2036 
2037 
2037 
2037 
2037 
2037 
2037 
2037 
2037 
2037 
2038 
2038 
2038 
2038 
2038 
2038 
2038 
2039 
2039 
2039 
2039 
2039 
2039 
2040 
2040 
2040 
2040 
2040 
2041 
2041 
2041 
2041 
2041 
2042 
2042 
2042 
2042 
2042 
2043 
2043 
2043 
2043 
2043 
2044 
2044 
2044 
2044 
2044 
2045 
2045 
2045 
2045 
2046 
2046 
2046 
2046 
2046 
2047 
2047 
2047 
2047 
2047 
2048 
2048 
2048 
2048 
2048 
2049 
2049 
2049 
2049 
2049 
2050 
2050 
2050 
2050 
2050 
2051 
2051 
2051 
2051 
2051 
2051 
2051 
2052 
2052 
2052 
2052 
2052 
2052 
2052 
2053 
2053 
2053 
2053 
2053 
2053 
2053 
2053 
2053 
2054 
2054 
2054 
2054 
2054 
2054 
2054 
2054 
2054 
2054 
2054 
2054 
2054 
2054 
2054 
2054 
2054 
2054 
2054 
2054 
2054 
2054 
2054 
2054 
2054 
2054 
2054 
2054 
2054 
2054 
2054 
2054 
2054 
2054 
2054 
2054 
2054 
2054 
2054 
2053 
2053 
2053 
2053 
2053 
2053 
2053 
2053 
2053 
2053 
2052 
2052 
2052 
2052 
2052 
2052 
2052 
2051 
2051 
2051 
2051 
2051 
2051 
2051 
2050 
2050 
2050 
2050 
2050 
2050 
2050 
2049 
2049 
2049 
2049 
2049 
2049 
2048 
2048 
2048 
2048 
2048 
2048 
2047 
2047 
2047 
2047 
2047 
2047 
2046 
2046 
2046 
2046 
2046 
2046 
2045 
2045 
2045 
2045 
2045 
2045 
2045 
2044 
2044 
2044 
2044 
2044 
2044 
2044 
2043 
2043 
2043 
2043 
2043 
2043 
2043 
2043 
2042 
2042 
2042 
2042 
2042 
2042 
2042 
2042 
2042 
2042 
2041 
2041 
2041 
2041 
2041 
2041 
2041 
2041 
2041 
2041 
2041 
2041 
2041 
2041 
2041 
2040 
2040 
2040 
2040 
2040 
2040 
2040 
2040 
2040 
2040 
2040 
2040 
2040 
2040 
2040 
2040 
2040 
2040 
2040 
2040 
2040 
2040 
2040 
2040 
2040 
2040 
2040 
2041 
2041 
2041 
2041 
2041 
2041 
2041 
2041 
2041 
2041 
2041 
2041 
2041 
2041 
2041 
2041 
2041 
2041 
2042 
2042 
2042 
2042 
2042 
2042 
2042 
2042 
2042 
2042 
2042 
2042 
2042 
2043 
2043 
2043 
2043 
2043 
2043 
2043 
2043 
2043 
2043 
2043 
2043 
2044 
2044 
2044 
2044 
2044 
2044 
2044 
2044 
2044 
2044 
2044 
2044 
2044 
2045 
2045 
2045 
2045 
2045 
2045 
2045 
2045 
2045 
2045 
2045 
2045 
2045 
2045 
2045 
2046 
2046 
2046 
2046 
2046 
2046 
2046 
2046 
2046 
2046 
2046 
2046 
2046 
2046 
2046 
2046 
2046 
2046 
2046 
2046 
2046 
2046 
2046 
2046 
2046 
2046 
2046 
2047 
2047 
2047 
2047 
2047 
2047 
2047 
2047 
2047 
2047 
2047 
2047 
2047 
2047 
2047 
2047 
2047 
2047 
2047 
2047 
2047 
2047 
2047 
2047 
2047 
2047 
2047 
2047 
2047 
2047 
2047 
2047 
2047 
2047 
2047 
2047 
2047 
2047 
2047 
2047 
2047 
2047 
2047 
2047 
2047 
2047 
2047 
2047 
2047 
2047 
2047 
2047 
2047 
2047 
2047 
2047 
2047 
2047 
2047 
2047 
2047 
2047 
2047 
2047 
2047 
2047 
2047 
2047 
2047 
2047 
2047 
2047 
2047 
2047 
2047 
2047 
2047 
2047 
2047 
2047 
2047 
2047 
2047 
2047 
2047 
2047 
2047 
2047 
2047 
2047 
2047 
2047 
2047 
2047 
2047 
2047 
2047 
2047 
2047 
2048 
2048 
2048 
2048 
2048 
2048 
2048 
2048 
2048 
2048 
2048 
2048 
2048 
2048 
2048 
2048 
2048 
2048 
2048 
2048 
2048 
2048 
2048 
2048 
2048 
2048 
2048 
2048 
2048 
2048 
2048 
2048 
2048 
2048 
2048 
2048 
2048 
2048 
2048 
2048 
2048 
2048 
2048 
2048 
2048 
2048 
2048 
2048 
2048 
2048 
2048 
2048 
2048 
2048 
2048 
2048 
2048 
2048 
2048 
2048 
2048 
2048 
2048 
2048 
2048 
2048 
2048 
2048 
2048 
2048 
2048 
2048 
2048 
2047 
2047 
2047 
2047 
2047 
2047 
2047 
2047 
2047 
2047 
2047 
2047 
2047 
2047 
2047 
2046 
2046 
2046 
2046 
2046 
2046 
2046 
2046 
2046 
2046 
2046 
2045 
2045 
2045 
2045 
2045 
2045 
2045 
2045 
2045 
2045 
2044 
2044 
2044 
2044 
2044 
2044 
2044 
2044 
2043 
2043 
2043 
2043 
2043 
2043 
2043 
2043 
2042 
2042 
2042 
2042 
2042 
2042 
2042 
2042 
2041 
2041 
2041 
2041 
2041 
2041 
2041 
2040 
2040 
2040 
2040 
2040 
2040 
2040 
2040 
2039 
2039 
2039 
2039 
2039 
2039 
2039 
2038 
2038 
2038 
2038 
2038 
2038 
2038 
2038 
2037 
2037 
2037 
2037 
2037 
2037 
2037 
2037 
2036 
2036 
2036 
2036 
2036 
2036 
2036 
2036 
2035 
2035 
2035 
2035 
2035 
2035 
2035 
2035 
2034 
2034 
2034 
2034 
2034 
2034 
2034 
2034 
2034 
2033 
2033 
2033 
2033 
2033 
2033 
2033 
2033 
2033 
2032 
2032 
2032 
2032 
2032 
2032 
2032 
2032 
2032 
2031 
2031 
2031 
2031 
2031 
2031 
2031 
2031 
2031 
2030 
2030 
2030 
2030 
2030 
2030 
2030 
2030 
2029 
2029 
2029 
2029 
2029 
2029 
2029 
2029 
2029 
2028 
2028 
2028 
2028 
2028 
2028 
2028 
2027 
2027 
2027 
2027 
2027 
2027 
2027 
2027 
2026 
2026 
2026 
2026 
2026 
2026 
2026 
2025 
2025 
2025 
2025 
2025 
2025 
2024 
2024 
2024 
2024 
2024 
2024 
2024 
2023 
2023 
2023 
2023 
2023 
2023 
2022 
2022 
2022 
2022 
2022 
2022 
2021 
2021 
2021 
2021 
2021 
2021 
2020 
2020 
2020 
2020 
2020 
2020 
2019 
2019 
2019 
2019 
2019 
2018 
2018 
2018 
2018 
2018 
2018 
2017 
2017 
2017 
2017 
2017 
2017 
2016 
2016 
2016 
2016 
2016 
2016 
2015 
2015 
2015 
2015 
2015 
2015 
2015 
2014 
2014 
2014 
2014 
2014 
2014 
2014 
2013 
2013 
2013 
2013 
2013 
2013 
2013 
2013 
2012 
2012 
2012 
2012 
2012 
2012 
2012 
2012 
2012 
2011 
2011 
2011 
2011 
2011 
2011 
2011 
2011 
2011 
2011 
2011 
2011 
2010 
2010 
2010 
2010 
2010 
2010 
2010 
2010 
2010 
2010 
2010 
2010 
2010 
2010 
2010 
2010 
2010 
2010 
2010 
2010 
2010 
2010 
2010 
2010 
2010 
2010 
2010 
2010 
2010 
2010 
2010 
2010 
2010 
2010 
2010 
2010 
2010 
2010 
2010 
2010 
2010 
2010 
2010 
2010 
2010 
2011 
2011 
2011 
2011 
2011 
2011 
2011 
2011 
2011 
2011 
2011 
2011 
2011 
2011 
2012 
2012 
2012 
2012 
2012 
2012 
2012 
2012 
2012 
2012 
2012 
2012 
2012 
2013 
2013 
2013 
2013 
2013 
2013 
2013 
2013 
2013 
2013 
2013 
2013 
2014 
2014 
2014 
2014 
2014 
2014 
2014 
2014 
2014 
2014 
2014 
2014 
2014 
2014 
2015 
2015 
2015 
2015 
2015 
2015 
2015 
2015 
2015 
2015 
2015 
2015 
2015 
2015 
2015 
2015 
2015 
2015 
2015 
2015 
2015 
2015 
2015 
2015 
2015 
2015 
2015 
2015 
2016 
2016 
2016 
2016 
2016 
2016 
2015 
2015 
2015 
2015 
2015 
2015 
2015 
2015 
2015 
2015 
2015 
2015 
2015 
2015 
2015 
2015 
2015 
2015 
2015 
2015 
2015 
2015 
2015 
2015 
2015 
2015 
2015 
2015 
2014 
2014 
2014 
2014 
2014 
2014 
2014 
2014 
2014 
2014 
2014 
2014 
2014 
2013 
2013 
2013 
2013 
2013 
2013 
2013 
2013 
2013 
2013 
2013 
2013 
2012 
2012 
2012 
2012 
2012 
2012 
2012 
2012 
2012 
2012 
2012 
2012 
2011 
2011 
2011 
2011 
2011 
2011 
2011 
2011 
2011 
2011 
2011 
2011 
2010 
2010 
2010 
2010 
2010 
2010 
2010 
2010 
2010 
2010 
2010 
2010 
2010 
2010 
2010 
2010 
2010 
2010 
2010 
2009 
2009 
2009 
2009 
2009 
2009 
2009 
2009 
2009 
2009 
2009 
2009 
2009 
2009 
2009 
2009 
2009 
2009 
2009 
2009 
2009 
2009 
2009 
2009 
2009 
2009 
2010 
2010 
2010 
2010 
2010 
2010 
2010 
2010 
2010 
2010 
2010 
2010 
2010 
2010 
2010 
2010 
2011 
2011 
2011 
2011 
2011 
2011 
2011 
2011 
2011 
2011 
2012 
2012 
2012 
2012 
2012 
2012 
2012 
2013 
2013 
2013 
2013 
2013 
2013 
2013 
2014 
2014 
2014 
2014 
2014 
2014 
2015 
2015 
2015 
2015 
2015 
2015 
2016 
2016 
2016 
2016 
2016 
2017 
2017 
2017 
2017 
2017 
2018 
2018 
2018 
2018 
2018 
2019 
2019 
2019 
2019 
2019 
2020 
2020 
2020 
2020 
2021 
2021 
2021 
2021 
2021 
2022 
2022 
2022 
2022 
2023 
2023 
2023 
2023 
2023 
2024 
2024 
2024 
2024 
2025 
2025 
2025 
2025 
2025 
2026 
2026 
2026 
2026 
2027 
2027 
2027 
2027 
2027 
2028 
2028 
2028 
2028 
2028 
2029 
2029 
2029 
2029 
2029 
2030 
2030 
2030 
2030 
2030 
2031 
2031 
2031 
2031 
2031 
2032 
2032 
2032 
2032 
2032 
2032 
2033 
2033 
2033 
2033 
2033 
