3.887140340623247031e-04
3.685057776972618777e-04
3.500543079494842515e-04
3.351111592812847464e-04
3.250950118502818407e-04
3.209534726202242219e-04
3.230685926693432127e-04
3.312153835695930723e-04
3.445777195723034262e-04
3.618206829761731768e-04
3.812131122924796063e-04
4.007893342567846596e-04
4.185352479117847324e-04
4.325814465546335189e-04
4.413851598675433874e-04
4.438835820597940860e-04
4.396035775264057663e-04
4.287166268731103800e-04
4.120328598321264528e-04
3.909336749728818867e-04
3.672482553766770854e-04
3.430847150978904182e-04
3.206311371318195584e-04
3.019449451671066438e-04
2.887505585749796169e-04
2.822649310436780874e-04
2.830683553525790487e-04
2.910339924688682680e-04
3.053242798922493981e-04
3.244561585667533540e-04
3.464304957912963116e-04
3.689147886431926059e-04
3.894628163234340129e-04
4.057509131802420591e-04
4.158083807992330079e-04
4.182195082943755584e-04
4.122767923761354032e-04
3.980691043560891725e-04
3.764944016176479421e-04
3.491936137972935115e-04
3.184099057875932801e-04
2.867849142513772924e-04
2.571100485897276832e-04
2.320558813409946783e-04
2.139054962396992274e-04
2.043180694771612655e-04
2.041468114743368294e-04
2.133308182994378323e-04
2.308737410244556475e-04
2.549140595103585745e-04
2.828828911843037953e-04
3.117365200278502746e-04
3.382430593979697856e-04
3.592966619138982551e-04
3.722291113836063482e-04
3.750879105952412682e-04
3.668522831336826543e-04
3.475637127466032800e-04
3.183553346685478493e-04
2.813739938039280580e-04
2.395992160395776468e-04
1.965736994846772824e-04
1.560691923832085927e-04
1.217188272975798909e-04
9.665134129484697788e-05
8.316359875842526327e-05
8.246523355844027870e-05
9.452317660833538075e-05
1.180248176277057953e-04
1.504673629129199520e-04
1.883686346997794244e-04
2.275823015314504608e-04
2.636895572438759366e-04
2.924307170471451204e-04
3.101350081862200509e-04
3.141056318321555131e-04
3.029202169883793926e-04
2.766139153113894968e-04
2.367230228356546353e-04
1.861802149780885903e-04
1.290670105604247570e-04
7.024352981580671707e-05
1.488853184754094304e-05
-3.200723535646722578e-05
-6.614526580119971938e-05
-8.437064124250132514e-05
-8.502367222797012271e-05
-6.815346675404702990e-05
-3.556762739624070690e-05
9.292161699564171194e-06
6.164180579893526921e-05
1.157899186034721774e-04
1.656774589485288454e-04
2.054712471731518311e-04
2.301537124686642830e-04
2.360497630014784078e-04
2.212360868169300631e-04
1.857882285421568423e-04
1.318356172742999666e-04
6.341300958088133316e-05
-1.388316670377425284e-05
-9.340528097902101967e-05
-1.680859064765452483e-04
-2.311307512912768485e-04
-2.767056935189211387e-04
-3.005490021324450979e-04
-3.004451883938583350e-04
-2.765088314462920945e-04
-2.312441642840181897e-04
-1.693676132116498810e-04
-9.740382912956691323e-05
-2.308874972252882666e-05
4.536643004226771853e-05
1.000809468910162427e-04
1.343013192786150756e-04
1.431093875710886002e-04
1.239680705644064939e-04
7.704541824090407323e-05
5.277966983920341419e-06
-8.584065664247844706e-05
-1.887328513224439041e-04
-2.944322638607285844e-04
-3.934381149480621598e-04
-4.766478563039917632e-04
-5.362771923990254652e-04
-5.666751191440341480e-04
-5.649494600149567109e-04
-5.313348989048569679e-04
-4.692593135167416217e-04
-3.850931269477883621e-04
-2.875976669611948820e-04
-1.871190858654122149e-04
-9.460116623744913760e-05
-2.051052898546897586e-05
2.622083845988130773e-05
3.912959449801511094e-05
1.493482335183256079e-05
-4.604587762865032611e-05
-1.398278616897225338e-04
-2.590549479831202157e-04
-3.936395561521973644e-04
-5.316930465079603178e-04
-6.606613505241810741e-04
-7.685581308518370930e-04
-8.451750166951867756e-04
-8.831474663958777897e-04
-8.787659318477771030e-04
-8.324444541282231998e-04
-7.487906657397513498e-04
-6.362594788225129109e-04
-5.064138421175402426e-04
-3.728558157900543858e-04
-2.499258221892470405e-04
-1.512936813585239533e-04
-8.857912289740017635e-05
-7.014016427695934800e-05
-1.001546375758915406e-04
-1.780941796659301160e-04
-2.986534340529179723e-04
-4.521534239100173918e-04
-6.253912334389939275e-04
-8.028628786041535140e-04
-9.682471208000535418e-04
-1.106009045263292925e-03
-1.202966642394477214e-03
-1.249663293514949140e-03
-1.241404396483384090e-03
-1.178846239338097622e-03
-1.068067028505669631e-03
-9.200998312223949115e-04
-7.499603263155814716e-04
-5.752534520610431837e-04
-4.144871357738899110e-04
-2.852537081267010632e-04
-2.024568186714180657e-04
-1.767615807009794869e-04
-2.134278616959977876e-04
-3.116524372339982921e-04
-4.644981471124816309e-04
-6.594316478079678950e-04
-8.794312637717845420e-04
-1.104568706782564766e-03
-1.313918872152240042e-03
-1.487615674114677131e-03
-1.608852888423961376e-03
-1.665629541204904094e-03
-1.652059937437213568e-03
-1.569107395553574194e-03
-1.424654707747824347e-03
-1.232888263811549338e-03
-1.013040530997165282e-03
-7.876005157208046652e-04
-5.801574091352141877e-04
-4.130830786043592027e-04
-3.052800209611710629e-04
-2.702202903799249645e-04
-3.144773398772678411e-04
-4.369084855211832741e-04
-6.285847311625695740e-04
-8.734926531165043652e-04
-1.149956848295250389e-03
-1.432658581427167978e-03
-1.695064056678092157e-03
-1.912030626054410680e-03
-2.062336119632668472e-03
-2.130878154833242694e-03
-2.110317165028845199e-03
-2.001986894113285450e-03
-1.815964796671297281e-03
-1.570275764948732061e-03
-1.289288105758653333e-03
-1.001442316015637877e-03
-7.365227503483205663e-04
-5.227325466466776127e-04
-3.838577352038533442e-04
-3.368041963825594209e-04
-3.897606370600148300e-04
-5.411844110283162016e-04
-7.797298201493290401e-04
-1.085147693856573390e-03
-1.430089267058033296e-03
-1.782656061685524611e-03
-2.109459796080053601e-03
-2.378900323650305973e-03
-2.564341292831047101e-03
-2.646866063950211768e-03
-2.617330838988117438e-03
-2.477495255434801480e-03
-2.240097235952476663e-03
-1.927840607419918292e-03
-1.571371153910918524e-03
-1.206418837889999254e-03
-8.703706701703281708e-04
-5.986011803199362121e-04
-4.209188912290453134e-04
-3.584838165242929930e-04
-4.215123295627941271e-04
-6.080148396047313714e-04
-9.037148618517149012e-04
-1.283184303626251892e-03
-1.712110008151714524e-03
-2.150492539296875762e-03
-2.556481289389832615e-03
-2.890480236768515343e-03
-3.119123591906124929e-03
-3.218724405155793961e-03
-3.177842458387810948e-03
-2.998697026251960062e-03
-2.697258326349203424e-03
-2.301978610564657957e-03
-1.851257715101275753e-03
-1.389865379053329851e-03
-9.646509937860599021e-04
-6.199495007804851779e-04
-3.931315065356165797e-04
-3.107415649952209764e-04
-3.856204213572451403e-04
-6.153185913380172962e-04
-9.819878101480173857e-04
-1.453794851305032984e-03
-1.987752560364746107e-03
-2.533720303934702649e-03
-3.039204666126498790e-03
-3.454503615675094501e-03
-3.737692943221903284e-03
-3.858957899087236618e-03
-3.803826338945581840e-03
-3.574958149290232562e-03
-3.192280569204385045e-03
-2.691417752165852807e-03
-2.120530382466153611e-03
-1.535841030290640685e-03
-9.962572326939580277e-04
-5.576030239860182980e-04
-2.670201977772998286e-04
-1.580968667527792623e-04
-2.472220144677020597e-04
-5.315552469974541352e-04
-9.888504887767047592e-04
-1.579194826427026983e-03
-2.248535976034362564e-03
-2.933692215429296261e-03
-3.568384989301680039e-03
-4.089722518303632280e-03
-4.444504630564132322e-03
-4.594721673857441596e-03
-4.521684925895420870e-03
-4.228347494906649871e-03
-3.739542660336298875e-03
-3.100065496466728777e-03
-2.370734594722462892e-03
-1.622773265278249551e-03
-9.310236105053774870e-04
-3.666345082089273203e-04
1.006785570970103660e-05
1.558188075884468858e-04
4.912554329568050631e-05
-3.070539916381018761e-04
-8.849790741152283166e-04
-1.634233081511795487e-03
-2.486123399780204839e-03
-3.359998968184406670e-03
-4.170911718090959328e-03
-4.837901238032006786e-03
-5.292102205546256148e-03
-5.483870982519176325e-03
-5.388203511620781594e-03
-5.007865839122571140e-03
-4.373868455168785849e-03
-3.543167155322322556e-03
-2.593742699272123288e-03
-1.617473222259768013e-03
-7.114413029304069358e-04
3.151139218656363075e-05
5.320731123676607352e-04
7.326765610392479674e-04
6.038012321923630485e-04
1.476904228561290628e-04
-6.009551901348149242e-04
-1.577461187923880287e-03
-2.692686824375143794e-03
-3.841102052036654384e-03
-4.910715278069402098e-03
-5.793931077047085286e-03
-6.398299441085792544e-03
-6.656098556717521958e-03
-6.531776218216125279e-03
-6.026455624534771127e-03
-5.178974656160653840e-03
-4.063250546692254855e-03
-2.782114492986232594e-03
-1.458109805257858842e-03
-2.220587030972991528e-04
7.995545010737022335e-04
1.497187878301342763e-03
1.789601449652341875e-03
1.632821147958413328e-03
1.025752515065505004e-03
1.178421268812440716e-05
-1.323910553554800713e-03
-2.861258516982611872e-03
-4.455830490908078111e-03
-5.952146273042346718e-03
-7.198543215328786007e-03
-8.062218625013431103e-03
-8.442990783548756303e-03
-8.284395749025268846e-03
-7.580944826901825709e-03
-6.380695262998449004e-03
-4.782707043265885423e-03
-2.929434717809952394e-03
-9.945914784724304777e-04
8.325226715611899406e-04
2.364860191521947486e-03
3.436003970788270925e-03
3.917339947979387414e-03
3.732325994438568696e-03
2.866366660446788804e-03
1.371159925055789180e-03
-6.371409172201544444e-04
-2.986049925515598790e-03
-5.460667138454044882e-03
-7.822338733947321182e-03
-9.830514238637084318e-03
-1.126589008399156606e-02
-1.195272471743559842e-02
-1.177819320289894521e-02
-1.070682719887980881e-02
-8.788450269025895045e-03
-6.158542325049604776e-03
-3.030608948728944537e-03
3.191623063184396937e-04
3.573966990405649021e-03
6.403529290223102313e-03
8.494158140414825517e-03
9.579186600955622022e-03
9.467118806870762973e-03
8.064889639460342749e-03
5.393952888505440697e-03
1.597434460896339113e-03
-3.062720417238125672e-03
-8.218867648217758476e-03
-1.342045379603651160e-02
-1.816503747780574482e-02
-2.193536057497384034e-02
-2.423970226425202837e-02
-2.465237760210941403e-02
-2.285112163174344083e-02
-1.864824598945332909e-02
-1.201286173542765422e-02
-3.082101414496233628e-03
7.839903171416581079e-03
2.029558798404950196e-02
3.369938223730642446e-02
4.737335588945936621e-02
6.059061777216825234e-02
7.262334324609856506e-02
8.279190101074841712e-02
9.051141584680612306e-02
9.533226100136397985e-02
9.697141016860111318e-02
9.533226100136397985e-02
9.051141584680610919e-02
8.279190101074843100e-02
7.262334324609855118e-02
6.059061777216824540e-02
4.737335588945932457e-02
3.369938223730638976e-02
2.029558798404948808e-02
7.839903171416555058e-03
-3.082101414496262251e-03
-1.201286173542766289e-02
-1.864824598945334644e-02
-2.285112163174345123e-02
-2.465237760210940016e-02
-2.423970226425203878e-02
-2.193536057497382993e-02
-1.816503747780573788e-02
-1.342045379603651160e-02
-8.218867648217756741e-03
-3.062720417238134780e-03
1.597434460896332391e-03
5.393952888505430289e-03
8.064889639460344484e-03
9.467118806870757769e-03
9.579186600955613348e-03
8.494158140414822047e-03
6.403529290223094507e-03
3.573966990405641215e-03
3.191623063184319416e-04
-3.030608948728949308e-03
-6.158542325049605644e-03
-8.788450269025903719e-03
-1.070682719887981575e-02
-1.177819320289895388e-02
-1.195272471743560015e-02
-1.126589008399157127e-02
-9.830514238637082583e-03
-7.822338733947321182e-03
-5.460667138454044882e-03
-2.986049925515597489e-03
-6.371409172201544444e-04
1.371159925055787229e-03
2.866366660446789671e-03
3.732325994438564359e-03
3.917339947979383945e-03
3.436003970788267022e-03
2.364860191521940547e-03
8.325226715611863627e-04
-9.945914784724328630e-04
-2.929434717809958465e-03
-4.782707043265893229e-03
-6.380695262998455075e-03
-7.580944826901832648e-03
-8.284395749025277519e-03
-8.442990783548754569e-03
-8.062218625013431103e-03
-7.198543215328787742e-03
-5.952146273042347585e-03
-4.455830490908072039e-03
-2.861258516982610137e-03
-1.323910553554797677e-03
1.178421268812743107e-05
1.025752515065508691e-03
1.632821147958411810e-03
1.789601449652341875e-03
1.497187878301342112e-03
7.995545010736971377e-04
-2.220587030972985293e-04
-1.458109805257860794e-03
-2.782114492986233461e-03
-4.063250546692252253e-03
-5.178974656160650371e-03
-6.026455624534770260e-03
-6.531776218216118340e-03
-6.656098556717518488e-03
-6.398299441085784738e-03
-5.793931077047084419e-03
-4.910715278069398629e-03
-3.841102052036650047e-03
-2.692686824375143794e-03
-1.577461187923876384e-03
-6.009551901348121053e-04
1.476904228561249971e-04
6.038012321923639158e-04
7.326765610392341980e-04
5.320731123676509773e-04
3.151139218655465220e-05
-7.114413029304344745e-04
-1.617473222259793167e-03
-2.593742699272146707e-03
-3.543167155322325158e-03
-4.373868455168801461e-03
-5.007865839122573742e-03
-5.388203511620790268e-03
-5.483870982519184999e-03
-5.292102205546252679e-03
-4.837901238032012857e-03
-4.170911718090951521e-03
-3.359998968184405802e-03
-2.486123399780205273e-03
-1.634233081511788982e-03
-8.849790741152294008e-04
-3.070539916381017677e-04
4.912554329568530391e-05
1.558188075884560744e-04
1.006785570970146689e-05
-3.666345082089235798e-04
-9.310236105053729333e-04
-1.622773265278249768e-03
-2.370734594722462025e-03
-3.100065496466729211e-03
-3.739542660336298008e-03
-4.228347494906649871e-03
-4.521684925895420870e-03
-4.594721673857438994e-03
-4.444504630564128853e-03
-4.089722518303628811e-03
-3.568384989301680906e-03
-2.933692215429291924e-03
-2.248535976034364298e-03
-1.579194826427024381e-03
-9.888504887767025908e-04
-5.315552469974505574e-04
-2.472220144677029271e-04
-1.580968667527788557e-04
-2.670201977772997744e-04
-5.576030239860189485e-04
-9.962572326939571603e-04
-1.535841030290638950e-03
-2.120530382466152310e-03
-2.691417752165855409e-03
-3.192280569204385913e-03
-3.574958149290232128e-03
-3.803826338945584876e-03
-3.858957899087233582e-03
-3.737692943221901549e-03
-3.454503615675092332e-03
-3.039204666126497055e-03
-2.533720303934695710e-03
-1.987752560364752612e-03
-1.453794851305034936e-03
-9.819878101480225899e-04
-6.153185913380197899e-04
-3.856204213572470918e-04
-3.107415649952219522e-04
-3.931315065356204286e-04
-6.199495007804872379e-04
-9.646509937860622873e-04
-1.389865379053332236e-03
-1.851257715101275320e-03
-2.301978610564656656e-03
-2.697258326349205593e-03
-2.998697026251962230e-03
-3.177842458387808780e-03
-3.218724405155797864e-03
-3.119123591906127965e-03
-2.890480236768515343e-03
-2.556481289389828278e-03
-2.150492539296873593e-03
-1.712110008151705850e-03
-1.283184303626245821e-03
-9.037148618517090466e-04
-6.080148396047260588e-04
-4.215123295627870256e-04
-3.584838165242862709e-04
-4.209188912290435787e-04
-5.986011803199337185e-04
-8.703706701703295802e-04
-1.206418837889999471e-03
-1.571371153910915272e-03
-1.927840607419917859e-03
-2.240097235952474928e-03
-2.477495255434794541e-03
-2.617330838988113969e-03
-2.646866063950201794e-03
-2.564341292831069652e-03
-2.378900323650310743e-03
-2.109459796080062708e-03
-1.782656061685533935e-03
-1.430089267058019635e-03
-1.085147693856594207e-03
-7.797298201493253538e-04
-5.411844110283288867e-04
-3.897606370600230699e-04
-3.368041963825566562e-04
-3.838577352038504168e-04
-5.227325466466829253e-04
-7.365227503483210000e-04
-1.001442316015640479e-03
-1.289288105758659838e-03
-1.570275764948736615e-03
-1.815964796671306605e-03
-2.001986894113284583e-03
-2.110317165028844765e-03
-2.130878154833238357e-03
-2.062336119632666304e-03
-1.912030626054408945e-03
-1.695064056678090422e-03
-1.432658581427164509e-03
-1.149956848295245835e-03
-8.734926531165032810e-04
-6.285847311625670803e-04
-4.369084855211851173e-04
-3.144773398772690879e-04
-2.702202903799299518e-04
-3.052800209611702498e-04
-4.130830786043605579e-04
-5.801574091352204761e-04
-7.876005157208044484e-04
-1.013040530997163331e-03
-1.232888263811554542e-03
-1.424654707747820877e-03
-1.569107395553573760e-03
-1.652059937437216604e-03
-1.665629541204909081e-03
-1.608852888423967448e-03
-1.487615674114677782e-03
-1.313918872152239608e-03
-1.104568706782568669e-03
-8.794312637717843252e-04
-6.594316478079723402e-04
-4.644981471124865640e-04
-3.116524372339961779e-04
-2.134278616959991428e-04
-1.767615807009818450e-04
-2.024568186714108828e-04
-2.852537081267040447e-04
-4.144871357738896941e-04
-5.752534520610375459e-04
-7.499603263155796284e-04
-9.200998312223900326e-04
-1.068067028505662259e-03
-1.178846239338091550e-03
-1.241404396483376934e-03
-1.249663293514942201e-03
-1.202966642394475262e-03
-1.106009045263286854e-03
-9.682471208000526745e-04
-8.028628786041534056e-04
-6.253912334389880728e-04
-4.521534239100157655e-04
-2.986534340529169423e-04
-1.780941796659225266e-04
-1.001546375758895213e-04
-7.014016427695757261e-05
-8.857912289739783176e-05
-1.512936813585191015e-04
-2.499258221892449263e-04
-3.728558157900551447e-04
-5.064138421175360142e-04
-6.362594788225093331e-04
-7.487906657397488562e-04
-8.324444541282241756e-04
-8.787659318477721157e-04
-8.831474663958761634e-04
-8.451750166951876430e-04
-7.685581308518341656e-04
-6.606613505241836761e-04
-5.316930465079686662e-04
-3.936395561521941660e-04
-2.590549479831255825e-04
-1.398278616897306924e-04
-4.604587762864982466e-05
1.493482335183299786e-05
3.912959449799220717e-05
2.622083845989621212e-05
-2.051052898547657882e-05
-9.460116623745710648e-05
-1.871190858654113475e-04
-2.875976669612006283e-04
-3.850931269477788754e-04
-4.692593135167465548e-04
-5.313348989048489448e-04
-5.649494600149624571e-04
-5.666751191440266670e-04
-5.362771923990213453e-04
-4.766478563039912211e-04
-3.934381149480628646e-04
-2.944322638607261991e-04
-1.887328513224431723e-04
-8.584065664247637352e-05
5.277966983922582668e-06
7.704541824090476441e-05
1.239680705644090959e-04
1.431093875710938044e-04
1.343013192786154551e-04
1.000809468910173405e-04
4.536643004226883661e-05
-2.308874972252505228e-05
-9.740382912956405364e-05
-1.693676132116507483e-04
-2.312441642840191113e-04
-2.765088314462880829e-04
-3.004451883938593650e-04
-3.005490021324441221e-04
-2.767056935189213013e-04
-2.311307512912754119e-04
-1.680859064765479860e-04
-9.340528097901521919e-05
-1.388316670377440870e-05
6.341300958088110277e-05
1.318356172742959551e-04
1.857882285421521803e-04
2.212360868169245607e-04
2.360497630014765647e-04
2.301537124686635512e-04
2.054712471731512077e-04
1.656774589485259994e-04
1.157899186034697651e-04
6.164180579893804748e-05
9.292161699560493377e-06
-3.556762739624080177e-05
-6.815346675404471242e-05
-8.502367222797254862e-05
-8.437064124250131158e-05
-6.614526580119768650e-05
-3.200723535647009214e-05
1.488853184753696707e-05
7.024352981580378973e-05
1.290670105604280909e-04
1.861802149780904063e-04
2.367230228356591889e-04
2.766139153113943757e-04
3.029202169883855726e-04
3.141056318321589825e-04
3.101350081862251466e-04
2.924307170471507583e-04
2.636895572438776171e-04
2.275823015314498645e-04
1.883686346997754670e-04
1.504673629129156423e-04
1.180248176277026647e-04
9.452317660833080000e-05
8.246523355843701254e-05
8.316359875842089936e-05
9.665134129484376593e-05
1.217188272975795792e-04
1.560691923832037409e-04
1.965736994846724306e-04
2.395992160395769149e-04
2.813739938039228538e-04
3.183553346685388504e-04
3.475637127465995395e-04
3.668522831336761491e-04
3.750879105952374193e-04
3.722291113836053182e-04
3.592966619138921293e-04
3.382430593979678340e-04
3.117365200278496241e-04
2.828828911842945254e-04
2.549140595103576530e-04
2.308737410244615293e-04
2.133308182994409765e-04
2.041468114743473462e-04
2.043180694771610216e-04
2.139054962396978179e-04
2.320558813409977683e-04
2.571100485897205275e-04
2.867849142513695404e-04
3.184099057875816791e-04
3.491936137972945957e-04
3.764944016176547726e-04
3.980691043560933466e-04
4.122767923761333974e-04
4.182195082943700832e-04
4.158083807992278579e-04
4.057509131802346865e-04
3.894628163234272909e-04
3.689147886431863176e-04
3.464304957912926254e-04
3.244561585667457104e-04
3.053242798922447903e-04
2.910339924688647986e-04
2.830683553525833313e-04
2.822649310436747263e-04
2.887505585749762017e-04
3.019449451671033370e-04
3.206311371318169021e-04
3.430847150978839672e-04
3.672482553766725859e-04
3.909336749728713699e-04
4.120328598321147434e-04
4.287166268731063684e-04
4.396035775263962796e-04
4.438835820597841655e-04
4.413851598675388337e-04
4.325814465546267426e-04
4.185352479117789861e-04
4.007893342567809733e-04
3.812131122924776547e-04
3.618206829761768089e-04
3.445777195722877595e-04
3.312153835695776766e-04
3.230685926693275460e-04
3.209534726202080673e-04
3.250950118502656319e-04
3.351111592812700555e-04
3.500543079494698316e-04
3.685057776972457230e-04
3.887140340623144574e-04
