-1.973379383964773699e-04
-1.977509685665888395e-04
-1.982008475971722106e-04
-1.986877764241819905e-04
-1.992119432539949319e-04
-1.997735234449095007e-04
-2.003726793912423594e-04
-2.010095604100552342e-04
-2.016843026305454494e-04
-2.023970288861331166e-04
-2.031478486092733583e-04
-2.039368577290299122e-04
-2.047641385714358945e-04
-2.056297597626740312e-04
-2.065337761351073375e-04
-2.074762286361859153e-04
-2.084571442402604691e-04
-2.094765358633312452e-04
-2.105344022807562195e-04
-2.116307280479496776e-04
-2.127654834240933043e-04
-2.139386242988885426e-04
-2.151500921223729879e-04
-2.163998138378248894e-04
-2.176877018177827809e-04
-2.190136538031983195e-04
-2.203775528457485719e-04
-2.217792672533290782e-04
-2.232186505387460170e-04
-2.246955413716319203e-04
-2.262097635336017705e-04
-2.277611258766713538e-04
-2.293494222849518007e-04
-2.309744316396453601e-04
-2.326359177873519473e-04
-2.343336295117089900e-04
-2.360673005083755501e-04
-2.378366493633810779e-04
-2.396413795348482023e-04
-2.414811793381059577e-04
-2.433557219342073784e-04
-2.452646653218601880e-04
-2.472076523327869021e-04
-2.491843106305210390e-04
-2.511942527126527730e-04
-2.532370759165312687e-04
-2.553123624284336164e-04
-2.574196792962099903e-04
-2.595585784454064937e-04
-2.617285966988809782e-04
-2.639292557999093443e-04
-2.661600624387938131e-04
-2.684205082829725772e-04
-2.707100700106384152e-04
-2.730282093478660576e-04
-2.753743731092529083e-04
-2.777479932420726366e-04
-2.801484868739433716e-04
-2.825752563640087679e-04
-2.850276893576350287e-04
-2.875051588446166789e-04
-2.900070232208926601e-04
-2.925326263537688970e-04
-2.950812976506427291e-04
-2.976523521312233523e-04
-3.002450905032481073e-04
-3.028587992416797623e-04
-3.054927506713864152e-04
-3.081462030532913852e-04
-3.108184006739862630e-04
-3.135085739387967105e-04
-3.162159394682926097e-04
-3.189397001982323117e-04
-3.216790454829255934e-04
-3.244331512020084355e-04
-3.272011798706128704e-04
-3.299822807529192168e-04
-3.327755899790779594e-04
-3.355802306654818144e-04
-3.383953130383773530e-04
-3.412199345607944481e-04
-3.440531800627819937e-04
-3.468941218749224155e-04
-3.497418199651182490e-04
-3.525953220786193980e-04
-3.554536638812793637e-04
-3.583158691060136657e-04
-3.611809497024430515e-04
-3.640479059896937954e-04
-3.669157268123378465e-04
-3.697833896994438775e-04
-3.726498610267159253e-04
-3.755140961816957695e-04
-3.783750397320023782e-04
-3.812316255965781720e-04
-3.840827772199215595e-04
-3.869274077492684490e-04
-3.897644202147054976e-04
-3.925927077121699931e-04
-3.954111535893246616e-04
-3.982186316342592610e-04
-4.010140062669986859e-04
-4.037961327337816968e-04
-4.065638573040748207e-04
-4.093160174702942093e-04
-4.120514421501936578e-04
-4.147689518918911940e-04
-4.174673590814924925e-04
-4.201454681532804884e-04
-4.228020758024309098e-04
-4.254359712002171398e-04
-4.280459362116686810e-04
-4.306307456156411575e-04
-4.331891673272622915e-04
-4.357199626227109199e-04
-4.382218863662939242e-04
-4.406936872397715236e-04
-4.431341079739003043e-04
-4.455418855821447616e-04
-4.479157515965150700e-04
-4.502544323054934075e-04
-4.525566489939998258e-04
-4.548211181853573353e-04
-4.570465518852050851e-04
-4.592316578273307427e-04
-4.613751397213511677e-04
-4.634756975022215385e-04
-4.655320275815080962e-04
-4.675428231003872634e-04
-4.695067741843169285e-04
-4.714225681993409176e-04
-4.732888900099692462e-04
-4.751044222385879083e-04
-4.768678455263571135e-04
-4.785778387955343278e-04
-4.802330795131831416e-04
-4.818322439562151100e-04
-4.833740074777104646e-04
-4.848570447744702605e-04
-4.862800301557459689e-04
-4.876416378130995653e-04
-4.889405420913314499e-04
-4.901754177604390099e-04
-4.913449402885372488e-04
-4.924477861157012040e-04
-4.934826329286668908e-04
-4.944481599363459391e-04
-4.953430481460906068e-04
-4.961659806406634168e-04
-4.969156428558528689e-04
-4.975907228586787419e-04
-4.981899116261357015e-04
-4.987119033244194867e-04
-4.991553955885753933e-04
-4.995190898025229746e-04
-4.998016913793896327e-04
-5.000019100421079950e-04
-5.001184601042088810e-04
-5.001500607507711541e-04
-5.000954363194493090e-04
-4.999533165815424774e-04
-4.997224370230380621e-04
-4.994015391255716713e-04
-4.989893706472558641e-04
-4.984846859033045243e-04
-4.978862460464207693e-04
-4.971928193468584060e-04
-4.964031814721348154e-04
-4.955161157663064706e-04
-4.945304135287743440e-04
-4.934448742925445037e-04
-4.922583061018987946e-04
-4.909695257894115296e-04
-4.895773592522533173e-04
-4.880806417277356777e-04
-4.864782180680227185e-04
-4.847689430139698677e-04
-4.829516814680168547e-04
-4.810253087660930392e-04
-4.789887109484626602e-04
-4.768407850294686988e-04
-4.745804392661060194e-04
-4.722065934253707174e-04
-4.697181790503397042e-04
-4.671141397249046882e-04
-4.643934313371201120e-04
-4.615550223411055229e-04
-4.585978940174400892e-04
-4.555210407320033463e-04
-4.523234701931999396e-04
-4.490042037075142080e-04
-4.455622764333432712e-04
-4.419967376330511039e-04
-4.383066509231864057e-04
-4.344910945228165600e-04
-4.305491614999213605e-04
-4.264799600157862208e-04
-4.222826135673541032e-04
-4.179562612274725767e-04
-4.135000578829867829e-04
-4.089131744706294650e-04
-4.041947982106492429e-04
-3.993441328381317065e-04
-3.943603988319589531e-04
-3.892428336413560714e-04
-3.839906919099763771e-04
-3.786032456974759079e-04
-3.730797846985200398e-04
-3.674196164591852533e-04
-3.616220665906980450e-04
-3.556864789804620869e-04
-3.496122160003335721e-04
-3.433986587120902117e-04
-3.370452070700486716e-04
-3.305512801207838281e-04
-3.239163161999083183e-04
-3.171397731258563312e-04
-3.102211283906380836e-04
-3.031598793475162460e-04
-2.959555433955537952e-04
-2.886076581610008207e-04
-2.811157816754736110e-04
-2.734794925508760911e-04
-2.656983901510341769e-04
-2.577720947599926836e-04
-2.497002477469399315e-04
-2.414825117277163025e-04
-2.331185707228674707e-04
-2.246081303122068006e-04
-2.159509177858488836e-04
-2.071466822916685150e-04
-1.981951949791598477e-04
-1.890962491396551480e-04
-1.798496603428595679e-04
-1.704552665696817677e-04
-1.609129283413168851e-04
-1.512225288445461814e-04
-1.413839740532279933e-04
-1.313971928459470588e-04
-1.212621371197804472e-04
-1.109787819001638987e-04
-1.005471254468208572e-04
-8.996718935572210263e-05
-7.923901865705534344e-05
-6.836268190917264961e-05
-5.733827128848566624e-05
-4.616590267528994623e-05
-3.484571573548810524e-05
-2.337787399818271194e-05
-1.176256492912692448e-05
0.000000000000000000e+00
1.190958524651596369e-05
2.396593113586935176e-05
3.616875380501267592e-05
4.851774515003442529e-05
6.101257277806708694e-05
7.365287996348592698e-05
8.643828560842741274e-05
9.936838420763094860e-05
1.124427458176276054e-04
1.256609160302904254e-04
1.390224159507584675e-04
1.525267421797465571e-04
1.661733668002593923e-04
1.799617373687175379e-04
1.938912769105018705e-04
2.079613839199380735e-04
2.221714323647193152e-04
2.365207716947827742e-04
2.510087268556412065e-04
2.656345983061801511e-04
2.803976620409315084e-04
2.952971696168161186e-04
3.103323481843658568e-04
3.255024005234373073e-04
3.408065050834006978e-04
3.562438160278199261e-04
3.718134632836214530e-04
3.875145525947484870e-04
4.033461655802966631e-04
4.193073597971429820e-04
4.353971688070476780e-04
4.516146022482332473e-04
4.679586459114405792e-04
4.844282618204506460e-04
5.010223883170572762e-04
5.177399401505079247e-04
5.345798085713791012e-04
5.515408614298853178e-04
5.686219432786241042e-04
5.858218754797248897e-04
6.031394563164056005e-04
6.205734611089238533e-04
6.381226423348946653e-04
6.557857297539811852e-04
6.735614305369273282e-04
6.914484293989219075e-04
7.094453887372804924e-04
7.275509487734202734e-04
7.457637276991156824e-04
7.640823218270096154e-04
7.825053057453674630e-04
8.010312324770444596e-04
8.196586336426467259e-04
8.383860196278712608e-04
8.572118797549845492e-04
8.761346824584353423e-04
8.951528754645583482e-04
9.142648859753506200e-04
9.334691208563027521e-04
9.527639668282307820e-04
9.721477906631116172e-04
9.916189393838713544e-04
1.011175740468104158e-03
1.030816502055684506e-03
1.050539513160255898e-03
1.070343043884541042e-03
1.090225345639459767e-03
1.110184651367011064e-03
1.130219175766884352e-03
1.150327115526766138e-03
1.170506649556311927e-03
1.190755939224725276e-03
1.211073128601934017e-03
1.231456344703307044e-03
1.251903697737872211e-03
1.272413281360002587e-03
1.292983172924530317e-03
1.313611433745235811e-03
1.334296109356683437e-03
1.355035229779352106e-03
1.375826809788016506e-03
1.396668849183346902e-03
1.417559333066662885e-03
1.438496232117810261e-03
1.459477502876112753e-03
1.480501088024346878e-03
1.501564916675689936e-03
1.522666904663606390e-03
1.543804954834610433e-03
1.564976957343858091e-03
1.586180789953524871e-03
1.607414318333908430e-03
1.628675396367217912e-03
1.649961866453987253e-03
1.671271559822055464e-03
1.692602296838090215e-03
1.713951887321557175e-03
1.735318130861120784e-03
1.756698817133394699e-03
1.778091726224009621e-03
1.799494628950915878e-03
1.820905287189893878e-03
1.842321454202198701e-03
1.863740874964275526e-03
1.885161286499513564e-03
1.906580418211956335e-03
1.927995992221919917e-03
1.949405723703463017e-03
1.970807321223642505e-03
1.992198487083503017e-03
2.013576917660732119e-03
2.034940303753931569e-03
2.056286330928430977e-03
2.077612679863594190e-03
2.098917026701551183e-03
2.120197043397296921e-03
2.141450398070088648e-03
2.162674755356091324e-03
2.183867776762195723e-03
2.205027121020954571e-03
2.226150444446572518e-03
2.247235401291880572e-03
2.268279644106244251e-03
2.289280824094322171e-03
2.310236591475630860e-03
2.331144595844841620e-03
2.352002486532746121e-03
2.372807912967818313e-03
2.393558525038328843e-03
2.414251973454922210e-03
2.434885910113609823e-03
2.455457988459106965e-03
2.475965863848439939e-03
2.496407193914780467e-03
2.516779638931410622e-03
2.537080862175783175e-03
2.557308530293589312e-03
2.577460313662785583e-03
2.597533886757489446e-03
2.617526928511708720e-03
2.637437122682820354e-03
2.657262158214724820e-03
2.676999729600631865e-03
2.696647537245403046e-03
2.716203287827369077e-03
2.735664694659587295e-03
2.755029478050441665e-03
2.774295365663546724e-03
2.793460092876867001e-03
2.812521403141004205e-03
2.831477048336577575e-03
2.850324789130634102e-03
2.869062395332017037e-03
2.887687646245650202e-03
2.906198331025640087e-03
2.924592249027158000e-03
2.942867210157027683e-03
2.961021035222946400e-03
2.979051556281298724e-03
2.996956616983472831e-03
3.014734072920622482e-03
3.032381791966834786e-03
3.049897654620602281e-03
3.067279554344571561e-03
3.084525397903474780e-03
3.101633105700211945e-03
3.118600612110003761e-03
3.135425865812553007e-03
3.152106830122159819e-03
3.168641483315734475e-03
3.185027818958630075e-03
3.201263846228253902e-03
3.217347590235387651e-03
3.233277092343154070e-03
3.249050410483584912e-03
3.264665619471712136e-03
3.280120811317145928e-03
3.295414095533065382e-03
3.310543599442567625e-03
3.325507468482324664e-03
3.340303866503492852e-03
3.354930976069799963e-03
3.369386998752792097e-03
3.383670155424141953e-03
3.397778686544992901e-03
3.411710852452282464e-03
3.425464933641980160e-03
3.439039231049201544e-03
3.452432066325126451e-03
3.465641782110698028e-03
3.478666742307025359e-03
3.491505332342454120e-03
3.504155959436256688e-03
3.516617052858874055e-03
3.528887064188692205e-03
3.540964467565271400e-03
3.552847759939014097e-03
3.564535461317192965e-03
3.576026115006324720e-03
3.587318287850809959e-03
3.598410570467834232e-03
3.609301577478445360e-03
3.619989947734805671e-03
3.630474344543531146e-03
3.640753455885123967e-03
3.650825994629414758e-03
3.660690698747009770e-03
3.670346331516669263e-03
3.679791681728611027e-03
3.689025563883675720e-03
3.698046818388339707e-03
3.706854311745511662e-03
3.715446936741104243e-03
3.723823612626325340e-03
3.731983285295668949e-03
3.739924927460571823e-03
3.747647538818679996e-03
3.755150146218732502e-03
3.762431803821002490e-03
3.769491593253273577e-03
3.776328623762323280e-03
3.782942032360885748e-03
3.789330983970064758e-03
3.795494671557180476e-03
3.801432316268989284e-03
3.807143167560310057e-03
3.812626503317971885e-03
3.817881629980111446e-03
3.822907882650756258e-03
3.827704625209691659e-03
3.832271250417610201e-03
3.836607180016477110e-03
3.840711864825135241e-03
3.844584784830109171e-03
3.848225449271598046e-03
3.851633396724648932e-03
3.854808195175478142e-03
3.857749442092932735e-03
3.860456764495096959e-03
3.862929819010998966e-03
3.865168291937433418e-03
3.867171899290876118e-03
3.868940386854483309e-03
3.870473530220168695e-03
3.871771134825740396e-03
3.872833035987120840e-03
3.873659098925591460e-03
3.874249218790120318e-03
3.874603320674708910e-03
3.874721359630799340e-03
3.874603320674708910e-03
3.874249218790120318e-03
3.873659098925591460e-03
3.872833035987120840e-03
3.871771134825740396e-03
3.870473530220168695e-03
3.868940386854483309e-03
3.867171899290876118e-03
3.865168291937433418e-03
3.862929819010998966e-03
3.860456764495096959e-03
3.857749442092932735e-03
3.854808195175478142e-03
3.851633396724648065e-03
3.848225449271598046e-03
3.844584784830108303e-03
3.840711864825135241e-03
3.836607180016477110e-03
3.832271250417610201e-03
3.827704625209690792e-03
3.822907882650756258e-03
3.817881629980111446e-03
3.812626503317971885e-03
3.807143167560309190e-03
3.801432316268989284e-03
3.795494671557180476e-03
3.789330983970064758e-03
3.782942032360885314e-03
3.776328623762323280e-03
3.769491593253273577e-03
3.762431803821002490e-03
3.755150146218732502e-03
3.747647538818679996e-03
3.739924927460571823e-03
3.731983285295668949e-03
3.723823612626325340e-03
3.715446936741104243e-03
3.706854311745511662e-03
3.698046818388339707e-03
3.689025563883675286e-03
3.679791681728611027e-03
3.670346331516669263e-03
3.660690698747009770e-03
3.650825994629414758e-03
3.640753455885123533e-03
3.630474344543530713e-03
3.619989947734805671e-03
3.609301577478444926e-03
3.598410570467833799e-03
3.587318287850809959e-03
3.576026115006324720e-03
3.564535461317192965e-03
3.552847759939013663e-03
3.540964467565271400e-03
3.528887064188692205e-03
3.516617052858873622e-03
3.504155959436256688e-03
3.491505332342454120e-03
3.478666742307025359e-03
3.465641782110698028e-03
3.452432066325125583e-03
3.439039231049201544e-03
3.425464933641980160e-03
3.411710852452282030e-03
3.397778686544992901e-03
3.383670155424141519e-03
3.369386998752792097e-03
3.354930976069799529e-03
3.340303866503491984e-03
3.325507468482324230e-03
3.310543599442567191e-03
3.295414095533064948e-03
3.280120811317145928e-03
3.264665619471711702e-03
3.249050410483584912e-03
3.233277092343154070e-03
3.217347590235387217e-03
3.201263846228253902e-03
3.185027818958629207e-03
3.168641483315734041e-03
3.152106830122159385e-03
3.135425865812552573e-03
3.118600612110003327e-03
3.101633105700211945e-03
3.084525397903474346e-03
3.067279554344571561e-03
3.049897654620602281e-03
3.032381791966834352e-03
3.014734072920622482e-03
2.996956616983472398e-03
2.979051556281298290e-03
2.961021035222946400e-03
2.942867210157027250e-03
2.924592249027158000e-03
2.906198331025639653e-03
2.887687646245649768e-03
2.869062395332016603e-03
2.850324789130633668e-03
2.831477048336577141e-03
2.812521403141003771e-03
2.793460092876867001e-03
2.774295365663546724e-03
2.755029478050441231e-03
2.735664694659586428e-03
2.716203287827368643e-03
2.696647537245402612e-03
2.676999729600631431e-03
2.657262158214724387e-03
2.637437122682820354e-03
2.617526928511708286e-03
2.597533886757489013e-03
2.577460313662784715e-03
2.557308530293589312e-03
2.537080862175782742e-03
2.516779638931410188e-03
2.496407193914780033e-03
2.475965863848439939e-03
2.455457988459106965e-03
2.434885910113609390e-03
2.414251973454921776e-03
2.393558525038328409e-03
2.372807912967817880e-03
2.352002486532745688e-03
2.331144595844841620e-03
2.310236591475630426e-03
2.289280824094322171e-03
2.268279644106244251e-03
2.247235401291880572e-03
2.226150444446572518e-03
2.205027121020954571e-03
2.183867776762194856e-03
2.162674755356091324e-03
2.141450398070088215e-03
2.120197043397296921e-03
2.098917026701550750e-03
2.077612679863593322e-03
2.056286330928430543e-03
2.034940303753931135e-03
2.013576917660732119e-03
1.992198487083502584e-03
1.970807321223642505e-03
1.949405723703462150e-03
1.927995992221919917e-03
1.906580418211955468e-03
1.885161286499513564e-03
1.863740874964274442e-03
1.842321454202198268e-03
1.820905287189893878e-03
1.799494628950915444e-03
1.778091726224009621e-03
1.756698817133394265e-03
1.735318130861120134e-03
1.713951887321556308e-03
1.692602296838089998e-03
1.671271559822055464e-03
1.649961866453986603e-03
1.628675396367217912e-03
1.607414318333907997e-03
1.586180789953524871e-03
1.564976957343857875e-03
1.543804954834609999e-03
1.522666904663605740e-03
1.501564916675689719e-03
1.480501088024346878e-03
1.459477502876112536e-03
1.438496232117810261e-03
1.417559333066662668e-03
1.396668849183346902e-03
1.375826809788016072e-03
1.355035229779351889e-03
1.334296109356682570e-03
1.313611433745235594e-03
1.292983172924530317e-03
1.272413281360002153e-03
1.251903697737872211e-03
1.231456344703307044e-03
1.211073128601933800e-03
1.190755939224724625e-03
1.170506649556311493e-03
1.150327115526766138e-03
1.130219175766883919e-03
1.110184651367011064e-03
1.090225345639459333e-03
1.070343043884541042e-03
1.050539513160255465e-03
1.030816502055684290e-03
1.011175740468103724e-03
9.916189393838711376e-04
9.721477906631116172e-04
9.527639668282303484e-04
9.334691208563027521e-04
9.142648859753502947e-04
8.951528754645581313e-04
8.761346824584350171e-04
8.572118797549843324e-04
8.383860196278708271e-04
8.196586336426466175e-04
8.010312324770444596e-04
7.825053057453672462e-04
7.640823218270095070e-04
7.457637276991153572e-04
7.275509487734201650e-04
7.094453887372800588e-04
6.914484293989219075e-04
6.735614305369268945e-04
6.557857297539809683e-04
6.381226423348946653e-04
6.205734611089236364e-04
6.031394563164054921e-04
5.858218754797247813e-04
5.686219432786239958e-04
5.515408614298851009e-04
5.345798085713788844e-04
5.177399401505079247e-04
5.010223883170570594e-04
4.844282618204506460e-04
4.679586459114404165e-04
4.516146022482331389e-04
4.353971688070474612e-04
4.193073597971429820e-04
4.033461655802963921e-04
3.875145525947483243e-04
3.718134632836214530e-04
3.562438160278198719e-04
3.408065050834006978e-04
3.255024005234370904e-04
3.103323481843658568e-04
2.952971696168159559e-04
2.803976620409315084e-04
2.656345983061799885e-04
2.510087268556410981e-04
2.365207716947827742e-04
2.221714323647192609e-04
2.079613839199380464e-04
1.938912769105017621e-04
1.799617373687175108e-04
1.661733668002592838e-04
1.525267421797464758e-04
1.390224159507584675e-04
1.256609160302903712e-04
1.124427458176276054e-04
9.936838420763092149e-05
8.643828560842738563e-05
7.365287996348589988e-05
6.101257277806708016e-05
4.851774515003439141e-05
3.616875380501266237e-05
2.396593113586935176e-05
1.190958524651596030e-05
0.000000000000000000e+00
-1.176256492912691771e-05
-2.337787399818270855e-05
-3.484571573548809169e-05
-4.616590267528993945e-05
-5.733827128848561881e-05
-6.836268190917262251e-05
-7.923901865705534344e-05
-8.996718935572206198e-05
-1.005471254468208437e-04
-1.109787819001638445e-04
-1.212621371197804201e-04
-1.313971928459470046e-04
-1.413839740532279120e-04
-1.512225288445461814e-04
-1.609129283413168038e-04
-1.704552665696817677e-04
-1.798496603428595137e-04
-1.890962491396550938e-04
-1.981951949791597664e-04
-2.071466822916684879e-04
-2.159509177858487481e-04
-2.246081303122066922e-04
-2.331185707228674707e-04
-2.414825117277161941e-04
-2.497002477469399315e-04
-2.577720947599925210e-04
-2.656983901510340685e-04
-2.734794925508759285e-04
-2.811157816754735568e-04
-2.886076581610006039e-04
-2.959555433955536326e-04
-3.031598793475162460e-04
-3.102211283906379752e-04
-3.171397731258562228e-04
-3.239163161999081015e-04
-3.305512801207837197e-04
-3.370452070700484548e-04
-3.433986587120901575e-04
-3.496122160003335721e-04
-3.556864789804619243e-04
-3.616220665906980450e-04
-3.674196164591850907e-04
-3.730797846985199314e-04
-3.786032456974755826e-04
-3.839906919099763229e-04
-3.892428336413558004e-04
-3.943603988319587363e-04
-3.993441328381317065e-04
-4.041947982106490803e-04
-4.089131744706294650e-04
-4.135000578829864035e-04
-4.179562612274724683e-04
-4.222826135673538321e-04
-4.264799600157861124e-04
-4.305491614999209810e-04
-4.344910945228162890e-04
-4.383066509231864057e-04
-4.419967376330508871e-04
-4.455622764333432712e-04
-4.490042037075139369e-04
-4.523234701931997770e-04
-4.555210407320029668e-04
-4.585978940174399265e-04
-4.615550223411050350e-04
-4.643934313371199493e-04
-4.671141397249046882e-04
-4.697181790503394874e-04
-4.722065934253705547e-04
-4.745804392661054773e-04
-4.768407850294686988e-04
-4.789887109484621723e-04
-4.810253087660927140e-04
-4.829516814680168547e-04
-4.847689430139695424e-04
-4.864782180680227185e-04
-4.880806417277351898e-04
-4.895773592522533173e-04
-4.909695257894109875e-04
-4.922583061018987946e-04
-4.934448742925440700e-04
-4.945304135287740188e-04
-4.955161157663064706e-04
-4.964031814721345985e-04
-4.971928193468584060e-04
-4.978862460464201188e-04
-4.984846859033045243e-04
-4.989893706472552136e-04
-4.994015391255716713e-04
-4.997224370230375200e-04
-4.999533165815421521e-04
-5.000954363194493090e-04
-5.001500607507710456e-04
-5.001184601042088810e-04
-5.000019100421073445e-04
-4.998016913793896327e-04
-4.995190898025225409e-04
-4.991553955885751764e-04
-4.987119033244194867e-04
-4.981899116261352678e-04
-4.975907228586787419e-04
-4.969156428558525436e-04
-4.961659806406634168e-04
-4.953430481460900647e-04
-4.944481599363459391e-04
-4.934826329286662403e-04
-4.924477861157008788e-04
-4.913449402885372488e-04
-4.901754177604386847e-04
-4.889405420913314499e-04
-4.876416378130992400e-04
-4.862800301557459689e-04
-4.848570447744696100e-04
-4.833740074777101393e-04
-4.818322439562145137e-04
-4.802330795131827621e-04
-4.785778387955343278e-04
-4.768678455263567883e-04
-4.751044222385879083e-04
-4.732888900099685415e-04
-4.714225681993409176e-04
-4.695067741843163864e-04
-4.675428231003869923e-04
-4.655320275815080962e-04
-4.634756975022213217e-04
-4.613751397213511677e-04
-4.592316578273303632e-04
-4.570465518852050851e-04
-4.548211181853566306e-04
-4.525566489939998258e-04
-4.502544323054928112e-04
-4.479157515965146905e-04
-4.455418855821447616e-04
-4.431341079739001417e-04
-4.406936872397715236e-04
-4.382218863662935447e-04
-4.357199626227109199e-04
-4.331891673272617494e-04
-4.306307456156409407e-04
-4.280459362116680847e-04
-4.254359712002168687e-04
-4.228020758024309098e-04
-4.201454681532802173e-04
-4.174673590814924925e-04
-4.147689518918909230e-04
-4.120514421501936578e-04
-4.093160174702936672e-04
-4.065638573040747123e-04
-4.037961327337809920e-04
-4.010140062669985232e-04
-3.982186316342592610e-04
-3.954111535893244447e-04
-3.925927077121699931e-04
-3.897644202147049555e-04
-3.869274077492684490e-04
-3.840827772199210174e-04
-3.812316255965779010e-04
-3.783750397320023782e-04
-3.755140961816956610e-04
-3.726498610267159253e-04
-3.697833896994436606e-04
-3.669157268123378465e-04
-3.640479059896932533e-04
-3.611809497024427804e-04
-3.583158691060131236e-04
-3.554536638812790385e-04
-3.525953220786193980e-04
-3.497418199651179779e-04
-3.468941218749224155e-04
-3.440531800627817226e-04
-3.412199345607944481e-04
-3.383953130383768109e-04
-3.355802306654815433e-04
-3.327755899790774716e-04
-3.299822807529189457e-04
-3.272011798706128704e-04
-3.244331512020081645e-04
-3.216790454829255934e-04
-3.189397001982320406e-04
-3.162159394682926097e-04
-3.135085739387962226e-04
-3.108184006739861545e-04
-3.081462030532913852e-04
-3.054927506713861441e-04
-3.028587992416797623e-04
-3.002450905032477821e-04
-2.976523521312233523e-04
-2.950812976506422955e-04
-2.925326263537687886e-04
-2.900070232208922264e-04
-2.875051588446165163e-04
-2.850276893576350287e-04
-2.825752563640086053e-04
-2.801484868739433716e-04
-2.777479932420724739e-04
-2.753743731092529083e-04
-2.730282093478657865e-04
-2.707100700106381441e-04
-2.684205082829723061e-04
-2.661600624387935421e-04
-2.639292557999093443e-04
-2.617285966988807072e-04
-2.595585784454064937e-04
-2.574196792962098819e-04
-2.553123624284336164e-04
-2.532370759165308350e-04
-2.511942527126526103e-04
-2.491843106305210390e-04
-2.472076523327867937e-04
-2.452646653218601880e-04
-2.433557219342072158e-04
-2.414811793381059577e-04
-2.396413795348479312e-04
-2.378366493633809694e-04
-2.360673005083753875e-04
-2.343336295117088273e-04
-2.326359177873519473e-04
-2.309744316396452246e-04
-2.293494222849518007e-04
-2.277611258766711912e-04
-2.262097635336017705e-04
-2.246955413716317847e-04
-2.232186505387459086e-04
-2.217792672533289156e-04
-2.203775528457484363e-04
-2.190136538031983195e-04
-2.176877018177826183e-04
-2.163998138378248894e-04
-2.151500921223728523e-04
-2.139386242988885426e-04
-2.127654834240931688e-04
-2.116307280479495692e-04
-2.105344022807561111e-04
-2.094765358633312452e-04
-2.084571442402604691e-04
-2.074762286361857798e-04
-2.065337761351073375e-04
-2.056297597626738957e-04
-2.047641385714358945e-04
-2.039368577290299122e-04
-2.031478486092733583e-04
-2.023970288861331166e-04
-2.016843026305454494e-04
-2.010095604100552342e-04
-2.003726793912421968e-04
-1.997735234449095007e-04
-1.992119432539947964e-04
-1.986877764241819905e-04
-1.982008475971722106e-04
-1.977509685665888395e-04
-1.973379383964773699e-04
